VARIABLES= "X", "Y", "Z", "U"
0.0 0.0 0.0 0.0
0.0 0.0 0.1 0.0
0.0 0.0 0.2 0.0
0.0 0.0 0.30000000000000004 0.0
0.0 0.0 0.4 0.0
0.0 0.0 0.5 0.0
0.0 0.0 0.6000000000000001 0.0
0.0 0.0 0.7000000000000001 0.0
0.0 0.0 0.8 0.0
0.0 0.0 0.9 0.0
0.0 0.0 1.0 0.0
0.0 0.1 0.0 0.0
0.0 0.1 0.1 0.0
0.0 0.1 0.2 0.0
0.0 0.1 0.30000000000000004 0.0
0.0 0.1 0.4 0.0
0.0 0.1 0.5 0.0
0.0 0.1 0.6000000000000001 0.0
0.0 0.1 0.7000000000000001 0.0
0.0 0.1 0.8 0.0
0.0 0.1 0.9 0.0
0.0 0.1 1.0 0.0
0.0 0.2 0.0 0.0
0.0 0.2 0.1 0.0
0.0 0.2 0.2 0.0
0.0 0.2 0.30000000000000004 0.0
0.0 0.2 0.4 0.0
0.0 0.2 0.5 0.0
0.0 0.2 0.6000000000000001 0.0
0.0 0.2 0.7000000000000001 0.0
0.0 0.2 0.8 0.0
0.0 0.2 0.9 0.0
0.0 0.2 1.0 0.0
0.0 0.30000000000000004 0.0 0.0
0.0 0.30000000000000004 0.1 0.0
0.0 0.30000000000000004 0.2 0.0
0.0 0.30000000000000004 0.30000000000000004 0.0
0.0 0.30000000000000004 0.4 0.0
0.0 0.30000000000000004 0.5 0.0
0.0 0.30000000000000004 0.6000000000000001 0.0
0.0 0.30000000000000004 0.7000000000000001 0.0
0.0 0.30000000000000004 0.8 0.0
0.0 0.30000000000000004 0.9 0.0
0.0 0.30000000000000004 1.0 0.0
0.0 0.4 0.0 0.0
0.0 0.4 0.1 0.0
0.0 0.4 0.2 0.0
0.0 0.4 0.30000000000000004 0.0
0.0 0.4 0.4 0.0
0.0 0.4 0.5 0.0
0.0 0.4 0.6000000000000001 0.0
0.0 0.4 0.7000000000000001 0.0
0.0 0.4 0.8 0.0
0.0 0.4 0.9 0.0
0.0 0.4 1.0 0.0
0.0 0.5 0.0 0.0
0.0 0.5 0.1 0.0
0.0 0.5 0.2 0.0
0.0 0.5 0.30000000000000004 0.0
0.0 0.5 0.4 0.0
0.0 0.5 0.5 0.0
0.0 0.5 0.6000000000000001 0.0
0.0 0.5 0.7000000000000001 0.0
0.0 0.5 0.8 0.0
0.0 0.5 0.9 0.0
0.0 0.5 1.0 0.0
0.0 0.6000000000000001 0.0 0.0
0.0 0.6000000000000001 0.1 0.0
0.0 0.6000000000000001 0.2 0.0
0.0 0.6000000000000001 0.30000000000000004 0.0
0.0 0.6000000000000001 0.4 0.0
0.0 0.6000000000000001 0.5 0.0
0.0 0.6000000000000001 0.6000000000000001 0.0
0.0 0.6000000000000001 0.7000000000000001 0.0
0.0 0.6000000000000001 0.8 0.0
0.0 0.6000000000000001 0.9 0.0
0.0 0.6000000000000001 1.0 0.0
0.0 0.7000000000000001 0.0 0.0
0.0 0.7000000000000001 0.1 0.0
0.0 0.7000000000000001 0.2 0.0
0.0 0.7000000000000001 0.30000000000000004 0.0
0.0 0.7000000000000001 0.4 0.0
0.0 0.7000000000000001 0.5 0.0
0.0 0.7000000000000001 0.6000000000000001 0.0
0.0 0.7000000000000001 0.7000000000000001 0.0
0.0 0.7000000000000001 0.8 0.0
0.0 0.7000000000000001 0.9 0.0
0.0 0.7000000000000001 1.0 0.0
0.0 0.8 0.0 0.0
0.0 0.8 0.1 0.0
0.0 0.8 0.2 0.0
0.0 0.8 0.30000000000000004 0.0
0.0 0.8 0.4 0.0
0.0 0.8 0.5 0.0
0.0 0.8 0.6000000000000001 0.0
0.0 0.8 0.7000000000000001 0.0
0.0 0.8 0.8 0.0
0.0 0.8 0.9 0.0
0.0 0.8 1.0 0.0
0.0 0.9 0.0 0.0
0.0 0.9 0.1 0.0
0.0 0.9 0.2 0.0
0.0 0.9 0.30000000000000004 0.0
0.0 0.9 0.4 0.0
0.0 0.9 0.5 0.0
0.0 0.9 0.6000000000000001 0.0
0.0 0.9 0.7000000000000001 0.0
0.0 0.9 0.8 0.0
0.0 0.9 0.9 0.0
0.0 0.9 1.0 0.0
0.0 1.0 0.0 0.0
0.0 1.0 0.1 0.0
0.0 1.0 0.2 0.0
0.0 1.0 0.30000000000000004 0.0
0.0 1.0 0.4 0.0
0.0 1.0 0.5 0.0
0.0 1.0 0.6000000000000001 0.0
0.0 1.0 0.7000000000000001 0.0
0.0 1.0 0.8 0.0
0.0 1.0 0.9 0.0
0.0 1.0 1.0 0.0
0.1 0.0 0.0 3853.193459936327
0.1 0.0 0.1 4468.774168621358
0.1 0.0 0.2 3998.616137379022
0.1 0.0 0.30000000000000004 762.1215588387992
0.1 0.0 0.4 151.88076826177624
0.1 0.0 0.5 31.527384012356503
0.1 0.0 0.6000000000000001 6.782276356251931
0.1 0.0 0.7000000000000001 1.5037928853419504
0.1 0.0 0.8 0.34182251142595804
0.1 0.0 0.9 0.0790716113517424
0.1 0.0 1.0 0.01763697425321288
0.1 0.1 0.0 1107.061703844434
0.1 0.1 0.1 1468.4595185946782
0.1 0.1 0.2 1313.6040422083083
0.1 0.1 0.30000000000000004 585.6483001511333
0.1 0.1 0.4 264.87671935259016
0.1 0.1 0.5 138.5491069136327
0.1 0.1 0.6000000000000001 82.98000856356347
0.1 0.1 0.7000000000000001 53.445782981863914
0.1 0.1 0.8 34.92436998190541
0.1 0.1 0.9 21.889857670431077
0.1 0.1 1.0 11.297245311015777
0.1 0.2 0.0 418.0822784550272
0.1 0.2 0.1 624.5202158320244
0.1 0.2 0.2 617.6100670900523
0.1 0.2 0.30000000000000004 436.0988252652201
0.1 0.2 0.4 293.65585704392413
0.1 0.2 0.5 201.05168854056916
0.1 0.2 0.6000000000000001 139.25421590708754
0.1 0.2 0.7000000000000001 95.79373380318977
0.1 0.2 0.8 64.35109409883161
0.1 0.2 0.9 41.33646521535446
0.1 0.2 1.0 23.29895821647399
0.1 0.30000000000000004 0.0 309.6777023302187
0.1 0.30000000000000004 0.1 515.1561205230852
0.1 0.30000000000000004 0.2 582.4370194554308
0.1 0.30000000000000004 0.30000000000000004 532.4224383331737
0.1 0.30000000000000004 0.4 438.2121194727424
0.1 0.30000000000000004 0.5 338.31286752757995
0.1 0.30000000000000004 0.6000000000000001 248.9400308446273
0.1 0.30000000000000004 0.7000000000000001 175.66283244256732
0.1 0.30000000000000004 0.8 118.89660427681326
0.1 0.30000000000000004 0.9 77.21142290880218
0.1 0.30000000000000004 1.0 51.705422243039806
0.1 0.4 0.0 385.82803376379553
0.1 0.4 0.1 659.2424209754203
0.1 0.4 0.2 768.6709345774738
0.1 0.4 0.30000000000000004 732.634984292333
0.1 0.4 0.4 616.2977648691127
0.1 0.4 0.5 476.7933031844312
0.1 0.4 0.6000000000000001 347.27580429871244
0.1 0.4 0.7000000000000001 241.0463407847626
0.1 0.4 0.8 159.88699854388574
0.1 0.4 0.9 101.07544538125136
0.1 0.4 1.0 63.853943996726024
0.1 0.5 0.0 637.7204733610257
0.1 0.5 0.1 1074.1319662978508
0.1 0.5 0.2 1223.8428806005868
0.1 0.5 0.30000000000000004 1130.037397970992
0.1 0.5 0.4 917.7506896595492
0.1 0.5 0.5 686.0630255644394
0.1 0.5 0.6000000000000001 484.3407053632317
0.1 0.5 0.7000000000000001 326.9478329144552
0.1 0.5 0.8 211.0279355463163
0.1 0.5 0.9 128.25082850470878
0.1 0.5 1.0 73.31968545985775
0.1 0.6000000000000001 0.0 1098.7382278032362
0.1 0.6000000000000001 0.1 1788.0375532576645
0.1 0.6000000000000001 0.2 1935.0954234741273
0.1 0.6000000000000001 0.30000000000000004 1655.6627941782574
0.1 0.6000000000000001 0.4 1245.0130124406064
0.1 0.6000000000000001 0.5 869.2188268657189
0.1 0.6000000000000001 0.6000000000000001 579.3726174418767
0.1 0.6000000000000001 0.7000000000000001 373.0478197229911
0.1 0.6000000000000001 0.8 231.30219805988366
0.1 0.6000000000000001 0.9 133.94097998966419
0.1 0.6000000000000001 1.0 63.474254477365825
0.1 0.7000000000000001 0.0 2010.4741248099876
0.1 0.7000000000000001 0.1 3117.772692195751
0.1 0.7000000000000001 0.2 3164.473326133013
0.1 0.7000000000000001 0.30000000000000004 2407.6430633792856
0.1 0.7000000000000001 0.4 1625.1126993761939
0.1 0.7000000000000001 0.5 1040.5234932248043
0.1 0.7000000000000001 0.6000000000000001 649.3451351639181
0.1 0.7000000000000001 0.7000000000000001 398.07689020136047
0.1 0.7000000000000001 0.8 237.87183789332033
0.1 0.7000000000000001 0.9 133.41898187553718
0.1 0.7000000000000001 1.0 60.22042916302765
0.1 0.8 0.0 3826.563759848726
0.1 0.8 0.1 5510.096121799338
0.1 0.8 0.2 5199.653849243824
0.1 0.8 0.30000000000000004 3187.4221440809233
0.1 0.8 0.4 1808.9667421122278
0.1 0.8 0.5 1019.6806580667894
0.1 0.8 0.6000000000000001 580.326359061438
0.1 0.8 0.7000000000000001 332.758970691746
0.1 0.8 0.8 189.3798907239805
0.1 0.8 0.9 102.51031033251486
0.1 0.8 1.0 45.05096617444061
0.1 0.9 0.0 7824.4511187122735
0.1 0.9 0.1 9965.889542861843
0.1 0.9 0.2 9023.855326877361
0.1 0.9 0.30000000000000004 3424.827893391752
0.1 0.9 0.4 1488.6037863443435
0.1 0.9 0.5 721.1415238763492
0.1 0.9 0.6000000000000001 376.72199469592863
0.1 0.9 0.7000000000000001 205.77468385997022
0.1 0.9 0.8 113.89783486438921
0.1 0.9 0.9 60.65875858610026
0.1 0.9 1.0 26.40004741847678
0.1 1.0 0.0 17505.603819789678
0.1 1.0 0.1 17505.603819789678
0.1 1.0 0.2 17505.603819789678
0.1 1.0 0.30000000000000004 0.0
0.1 1.0 0.4 0.0
0.1 1.0 0.5 0.0
0.1 1.0 0.6000000000000001 0.0
0.1 1.0 0.7000000000000001 0.0
0.1 1.0 0.8 0.0
0.1 1.0 0.9 0.0
0.1 1.0 1.0 0.0
0.2 0.0 0.0 1144.7827712069097
0.2 0.0 0.1 1455.231594623108
0.2 0.0 0.2 1255.1972770242937
0.2 0.0 0.30000000000000004 422.2324473919973
0.2 0.0 0.4 117.63566671950122
0.2 0.0 0.5 30.50125945611076
0.2 0.0 0.6000000000000001 7.662481239813138
0.2 0.0 0.7000000000000001 1.8986584443738084
0.2 0.0 0.8 0.4680705718620561
0.2 0.0 0.9 0.1149701824312835
0.2 0.0 1.0 0.026750234167534814
0.2 0.1 0.0 689.4118700103096
0.2 0.1 0.1 960.5774959122361
0.2 0.1 0.2 856.4720514621288
0.2 0.1 0.30000000000000004 446.04835038959595
0.2 0.1 0.4 196.69561577334935
0.2 0.1 0.5 83.15622749290809
0.2 0.1 0.6000000000000001 35.67843992161886
0.2 0.1 0.7000000000000001 16.04896263916607
0.2 0.1 0.8 7.759944801922776
0.2 0.1 0.9 4.054068398162475
0.2 0.1 1.0 1.9742948405445864
0.2 0.2 0.0 319.49165777868757
0.2 0.2 0.1 472.20376570833747
0.2 0.2 0.2 443.3072098907494
0.2 0.2 0.30000000000000004 285.2852776658542
0.2 0.2 0.4 154.8319605730433
0.2 0.2 0.5 78.293820274555
0.2 0.2 0.6000000000000001 38.95395814829643
0.2 0.2 0.7000000000000001 19.82009466219579
0.2 0.2 0.8 10.74307241264823
0.2 0.2 0.9 6.441670402871439
0.2 0.2 1.0 3.8349452801774926
0.2 0.30000000000000004 0.0 149.32072791672468
0.2 0.30000000000000004 0.1 232.2886153839779
0.2 0.30000000000000004 0.2 233.42930134640642
0.2 0.30000000000000004 0.30000000000000004 175.96396209959528
0.2 0.30000000000000004 0.4 113.64441671931685
0.2 0.30000000000000004 0.5 67.92516961912774
0.2 0.30000000000000004 0.6000000000000001 39.408991298812616
0.2 0.30000000000000004 0.7000000000000001 23.08271690168581
0.2 0.30000000000000004 0.8 14.39070453999765
0.2 0.30000000000000004 0.9 10.366303299823212
0.2 0.30000000000000004 1.0 8.635246750198393
0.2 0.4 0.0 70.62752989680362
0.2 0.4 0.1 114.4028061614628
0.2 0.4 0.2 122.23425330582035
0.2 0.4 0.30000000000000004 102.53755070297015
0.2 0.4 0.4 74.50932911328819
0.2 0.4 0.5 49.861376701514075
0.2 0.4 0.6000000000000001 32.05660008788015
0.2 0.4 0.7000000000000001 20.607181363438215
0.2 0.4 0.8 14.05247830863673
0.2 0.4 0.9 11.106832376876184
0.2 0.4 1.0 9.949442495742183
0.2 0.5 0.0 35.35559186138159
0.2 0.5 0.1 59.3046397444865
0.2 0.5 0.2 67.00563123893757
0.2 0.5 0.30000000000000004 61.11695155368479
0.2 0.5 0.4 48.81518669161107
0.2 0.5 0.5 35.90498552596453
0.2 0.5 0.6000000000000001 25.22402790838682
0.2 0.5 0.7000000000000001 17.53303253793831
0.2 0.5 0.8 12.681192647540902
0.2 0.5 0.9 10.27961092183309
0.2 0.5 1.0 9.18285650785147
0.2 0.6000000000000001 0.0 18.29739571860455
0.2 0.6000000000000001 0.1 31.543294151116605
0.2 0.6000000000000001 0.2 37.23667604017239
0.2 0.6000000000000001 0.30000000000000004 36.07241754611277
0.2 0.6000000000000001 0.4 30.816065824736153
0.2 0.6000000000000001 0.5 24.231942465488974
0.2 0.6000000000000001 0.6000000000000001 18.09114986441187
0.2 0.6000000000000001 0.7000000000000001 13.184655057763903
0.2 0.6000000000000001 0.8 9.66746572775854
0.2 0.6000000000000001 0.9 7.273806648481053
0.2 0.6000000000000001 1.0 5.008382926051806
0.2 0.7000000000000001 0.0 9.7419783384111
0.2 0.7000000000000001 0.1 17.15891340215671
0.2 0.7000000000000001 0.2 20.961066505239135
0.2 0.7000000000000001 0.30000000000000004 21.242721881240616
0.2 0.7000000000000001 0.4 19.0863741223947
0.2 0.7000000000000001 0.5 15.786548876429917
0.2 0.7000000000000001 0.6000000000000001 12.336507705485651
0.2 0.7000000000000001 0.7000000000000001 9.29243374740831
0.2 0.7000000000000001 0.8 6.833827311124195
0.2 0.7000000000000001 0.9 4.829647320569842
0.2 0.7000000000000001 1.0 2.802121874006454
0.2 0.8 0.0 5.006752356199618
0.2 0.8 0.1 8.949896174064676
0.2 0.8 0.2 11.190677809100722
0.2 0.8 0.30000000000000004 11.685215078468245
0.2 0.8 0.4 10.852164063856971
0.2 0.8 0.5 9.275283987953436
0.2 0.8 0.6000000000000001 7.461358899963826
0.2 0.8 0.7000000000000001 5.733524718674664
0.2 0.8 0.8 4.22144977183116
0.2 0.8 0.9 2.884391341493392
0.2 0.8 1.0 1.542197485304309
0.2 0.9 0.0 2.1064572506325145
0.2 0.9 0.1 3.7986586751047247
0.2 0.9 0.2 4.8155434048677845
0.2 0.9 0.30000000000000004 5.1169693645075105
0.2 0.9 0.4 4.844704826306926
0.2 0.9 0.5 4.220614651163723
0.2 0.9 0.6000000000000001 3.4526944167195266
0.2 0.9 0.7000000000000001 2.6838578319951303
0.2 0.9 0.8 1.9789084689838856
0.2 0.9 0.9 1.3320874197753947
0.2 0.9 1.0 0.688825354119495
0.2 1.0 0.0 -9.768502757260327e-13
0.2 1.0 0.1 -9.768502757260327e-13
0.2 1.0 0.2 -9.768502757260327e-13
0.2 1.0 0.30000000000000004 0.0
0.2 1.0 0.4 0.0
0.2 1.0 0.5 0.0
0.2 1.0 0.6000000000000001 0.0
0.2 1.0 0.7000000000000001 0.0
0.2 1.0 0.8 0.0
0.2 1.0 0.9 0.0
0.2 1.0 1.0 0.0
0.30000000000000004 0.0 0.0 1560.2715726820268
0.30000000000000004 0.0 0.1 1862.6353508860957
0.30000000000000004 0.0 0.2 1655.103482751627
0.30000000000000004 0.0 0.30000000000000004 398.44018176939034
0.30000000000000004 0.0 0.4 101.19952520712278
0.30000000000000004 0.0 0.5 26.182024764993834
0.30000000000000004 0.0 0.6000000000000001 6.792693182142305
0.30000000000000004 0.0 0.7000000000000001 1.7576059692257124
0.30000000000000004 0.0 0.8 0.4529722929412863
0.30000000000000004 0.0 0.9 0.11592867720636746
0.30000000000000004 0.0 1.0 0.027894248320712512
0.30000000000000004 0.1 0.0 644.8353666121515
0.30000000000000004 0.1 0.1 891.9778541275175
0.30000000000000004 0.1 0.2 809.4965433191574
0.30000000000000004 0.1 0.30000000000000004 423.6632966094437
0.30000000000000004 0.1 0.4 205.66094646209208
0.30000000000000004 0.1 0.5 102.39526203157094
0.30000000000000004 0.1 0.6000000000000001 54.24779274302838
0.30000000000000004 0.1 0.7000000000000001 30.63649616882277
0.30000000000000004 0.1 0.8 18.028943758569465
0.30000000000000004 0.1 0.9 10.517448900949375
0.30000000000000004 0.1 1.0 5.172155393649326
0.30000000000000004 0.2 0.0 311.7204592199269
0.30000000000000004 0.2 0.1 471.3776465312003
0.30000000000000004 0.2 0.2 462.60022680869884
0.30000000000000004 0.2 0.30000000000000004 327.86449061062467
0.30000000000000004 0.2 0.4 207.26974337097522
0.30000000000000004 0.2 0.5 127.22554201540258
0.30000000000000004 0.2 0.6000000000000001 78.44708501856314
0.30000000000000004 0.2 0.7000000000000001 48.94240985656907
0.30000000000000004 0.2 0.8 30.64690897359561
0.30000000000000004 0.2 0.9 18.794766706409163
0.30000000000000004 0.2 1.0 10.154738229325512
0.30000000000000004 0.30000000000000004 0.0 203.50768889806605
0.30000000000000004 0.30000000000000004 0.1 331.46649678532486
0.30000000000000004 0.30000000000000004 0.2 360.19291213678906
0.30000000000000004 0.30000000000000004 0.30000000000000004 310.6458802564549
0.30000000000000004 0.30000000000000004 0.4 237.7358470738669
0.30000000000000004 0.30000000000000004 0.5 170.66634477231688
0.30000000000000004 0.30000000000000004 0.6000000000000001 117.99774135448547
0.30000000000000004 0.30000000000000004 0.7000000000000001 79.44404435888369
0.30000000000000004 0.30000000000000004 0.8 52.20218584012039
0.30000000000000004 0.30000000000000004 0.9 33.42121783547308
0.30000000000000004 0.30000000000000004 1.0 21.514822289136305
0.30000000000000004 0.4 0.0 183.88128593983663
0.30000000000000004 0.4 0.1 310.8110472950031
0.30000000000000004 0.4 0.2 356.0816270010797
0.30000000000000004 0.4 0.30000000000000004 331.357923826541
0.30000000000000004 0.4 0.4 271.4255829106886
0.30000000000000004 0.4 0.5 204.72101460091747
0.30000000000000004 0.4 0.6000000000000001 145.96798571404167
0.30000000000000004 0.4 0.7000000000000001 99.84399437828215
0.30000000000000004 0.4 0.8 65.91810374194222
0.30000000000000004 0.4 0.9 41.99040891346521
0.30000000000000004 0.4 1.0 26.22704222629023
0.30000000000000004 0.5 0.0 243.4479239749288
0.30000000000000004 0.5 0.1 410.4604099181724
0.30000000000000004 0.5 0.2 468.2938092595369
0.30000000000000004 0.5 0.30000000000000004 433.15210588779615
0.30000000000000004 0.5 0.4 352.24524531287443
0.30000000000000004 0.5 0.5 263.56887471484936
0.30000000000000004 0.5 0.6000000000000001 186.3291579697506
0.30000000000000004 0.5 0.7000000000000001 126.22264330623956
0.30000000000000004 0.5 0.8 82.19353736922123
0.30000000000000004 0.5 0.9 50.87006302132348
0.30000000000000004 0.5 1.0 29.349838761484566
0.30000000000000004 0.6000000000000001 0.0 383.3860879751165
0.30000000000000004 0.6000000000000001 0.1 625.8333899625256
0.30000000000000004 0.6000000000000001 0.2 680.7375227212118
0.30000000000000004 0.6000000000000001 0.30000000000000004 587.1131858878579
0.30000000000000004 0.6000000000000001 0.4 445.6668671887931
0.30000000000000004 0.6000000000000001 0.5 314.2462162153263
0.30000000000000004 0.6000000000000001 0.6000000000000001 211.60801050758906
0.30000000000000004 0.6000000000000001 0.7000000000000001 137.7767081280246
0.30000000000000004 0.6000000000000001 0.8 86.6145619942584
0.30000000000000004 0.6000000000000001 0.9 51.12226542027339
0.30000000000000004 0.6000000000000001 1.0 24.7878068390752
0.30000000000000004 0.7000000000000001 0.0 679.5118649952045
0.30000000000000004 0.7000000000000001 0.1 1055.923606198415
0.30000000000000004 0.7000000000000001 0.2 1075.5115126056885
0.30000000000000004 0.7000000000000001 0.30000000000000004 823.9276893081293
0.30000000000000004 0.7000000000000001 0.4 561.2589108429974
0.30000000000000004 0.7000000000000001 0.5 363.24714880466865
0.30000000000000004 0.7000000000000001 0.6000000000000001 229.3832014225975
0.30000000000000004 0.7000000000000001 0.7000000000000001 142.4299111768945
0.30000000000000004 0.7000000000000001 0.8 86.31917840591669
0.30000000000000004 0.7000000000000001 0.9 49.19327942326177
0.30000000000000004 0.7000000000000001 1.0 22.568115537283298
0.30000000000000004 0.8 0.0 1279.9164373178978
0.30000000000000004 0.8 0.1 1844.8842083143659
0.30000000000000004 0.8 0.2 1743.895590066878
0.30000000000000004 0.8 0.30000000000000004 1074.209375299183
0.30000000000000004 0.8 0.4 614.232424591285
0.30000000000000004 0.8 0.5 349.68879124990764
0.30000000000000004 0.8 0.6000000000000001 201.40908321780427
0.30000000000000004 0.8 0.7000000000000001 117.05853884580871
0.30000000000000004 0.8 0.8 67.60641989817393
0.30000000000000004 0.8 0.9 37.154004679312294
0.30000000000000004 0.8 1.0 16.54694623123781
0.30000000000000004 0.9 0.0 2608.6947098573023
0.30000000000000004 0.9 0.1 3323.8661488055836
0.30000000000000004 0.9 0.2 3011.1801169896403
0.30000000000000004 0.9 0.30000000000000004 1146.4238381818743
0.30000000000000004 0.9 0.4 501.1766177489459
0.30000000000000004 0.9 0.5 244.86651532129338
0.30000000000000004 0.9 0.6000000000000001 129.30391790978987
0.30000000000000004 0.9 0.7000000000000001 71.50881477885811
0.30000000000000004 0.9 0.8 40.10998728398257
0.30000000000000004 0.9 0.9 21.64334629381614
0.30000000000000004 0.9 1.0 9.520738696273233
0.30000000000000004 1.0 0.0 5831.360917164409
0.30000000000000004 1.0 0.1 5831.360917164409
0.30000000000000004 1.0 0.2 5831.360917164409
0.30000000000000004 1.0 0.30000000000000004 0.0
0.30000000000000004 1.0 0.4 0.0
0.30000000000000004 1.0 0.5 0.0
0.30000000000000004 1.0 0.6000000000000001 0.0
0.30000000000000004 1.0 0.7000000000000001 0.0
0.30000000000000004 1.0 0.8 0.0
0.30000000000000004 1.0 0.9 0.0
0.30000000000000004 1.0 1.0 0.0
0.4 0.0 0.0 522.850396834745
0.4 0.0 0.1 673.8445380954047
0.4 0.0 0.2 582.9871696655787
0.4 0.0 0.30000000000000004 212.1056352655928
0.4 0.0 0.4 64.93927798885144
0.4 0.0 0.5 18.598670744587196
0.4 0.0 0.6000000000000001 5.1540471188211345
0.4 0.0 0.7000000000000001 1.401311895896871
0.4 0.0 0.8 0.3762285393535826
0.4 0.0 0.9 0.09973533954492247
0.4 0.0 1.0 0.02468657855037278
0.4 0.1 0.0 373.0473946228701
0.4 0.1 0.1 531.5388603059728
0.4 0.1 0.2 484.49903872301917
0.4 0.1 0.30000000000000004 276.67916088645
0.4 0.1 0.4 135.81518662520526
0.4 0.1 0.5 63.84389829855543
0.4 0.1 0.6000000000000001 30.165630642516298
0.4 0.1 0.7000000000000001 14.682911914591015
0.4 0.1 0.8 7.437470567234791
0.4 0.1 0.9 3.848942787490491
0.4 0.1 1.0 1.7483343846611639
0.4 0.2 0.0 205.02292581843076
0.4 0.2 0.1 310.174441003649
0.4 0.2 0.2 300.4359734142613
0.4 0.2 0.30000000000000004 208.87363726537745
0.4 0.2 0.4 123.84457618116822
0.4 0.2 0.5 68.23490075428964
0.4 0.2 0.6000000000000001 36.62110446131872
0.4 0.2 0.7000000000000001 19.716894862680423
0.4 0.2 0.8 10.861299966738263
0.4 0.2 0.9 6.120954877155873
0.4 0.2 1.0 3.1235318303040307
0.4 0.30000000000000004 0.0 114.20301616790577
0.4 0.30000000000000004 0.1 181.6180174955953
0.4 0.30000000000000004 0.2 188.7530949105985
0.4 0.30000000000000004 0.30000000000000004 151.18231748940892
0.4 0.30000000000000004 0.4 104.48980570217773
0.4 0.30000000000000004 0.5 66.59143861709298
0.4 0.30000000000000004 0.6000000000000001 40.75505438381166
0.4 0.30000000000000004 0.7000000000000001 24.63637884623858
0.4 0.30000000000000004 0.8 15.075870577066317
0.4 0.30000000000000004 0.9 9.567480836217802
0.4 0.30000000000000004 1.0 6.067774110926608
0.4 0.4 0.0 62.947397732575126
0.4 0.4 0.1 103.89149110783782
0.4 0.4 0.2 114.35523991133014
0.4 0.4 0.30000000000000004 100.36583412185423
0.4 0.4 0.4 76.65996024923305
0.4 0.4 0.5 53.75649663811658
0.4 0.4 0.6000000000000001 35.861642295175315
0.4 0.4 0.7000000000000001 23.390410037030303
0.4 0.4 0.8 15.327125113246902
0.4 0.4 0.9 10.38795533683132
0.4 0.4 1.0 6.9748832587627625
0.4 0.5 0.0 35.910825495103325
0.4 0.5 0.1 61.141373204719955
0.4 0.5 0.2 70.74021244756953
0.4 0.5 0.30000000000000004 66.66275557041055
0.4 0.5 0.4 55.16060028485732
0.4 0.5 0.5 41.91649773347261
0.4 0.5 0.6000000000000001 30.160016811176945
0.4 0.5 0.7000000000000001 21.039754575734126
0.4 0.5 0.8 14.544218576349659
0.4 0.5 0.9 10.149447182855244
0.4 0.5 1.0 6.7841928429818275
0.4 0.6000000000000001 0.0 20.601938842804945
0.4 0.6000000000000001 0.1 35.91718406279084
0.4 0.6000000000000001 0.2 43.15797611918542
0.4 0.6000000000000001 0.30000000000000004 42.78462618399986
0.4 0.6000000000000001 0.4 37.466378132338825
0.4 0.6000000000000001 0.5 30.135059600228463
0.4 0.6000000000000001 0.6000000000000001 22.85577445461198
0.4 0.6000000000000001 0.7000000000000001 16.65986547796598
0.4 0.6000000000000001 0.8 11.80805194943634
0.4 0.6000000000000001 0.9 8.04899753971614
0.4 0.6000000000000001 1.0 4.623655528747222
0.4 0.7000000000000001 0.0 11.879461291255923
0.4 0.7000000000000001 0.1 21.095797180935584
0.4 0.7000000000000001 0.2 26.102539968858114
0.4 0.7000000000000001 0.30000000000000004 26.88594449388998
0.4 0.7000000000000001 0.4 24.57841231419275
0.4 0.7000000000000001 0.5 20.65118317280265
0.4 0.7000000000000001 0.6000000000000001 16.311790566810462
0.4 0.7000000000000001 0.7000000000000001 12.286367023408133
0.4 0.7000000000000001 0.8 8.848764646365614
0.4 0.7000000000000001 0.9 5.917066222516532
0.4 0.7000000000000001 1.0 3.126760302344804
0.4 0.8 0.0 6.471656009355826
0.4 0.8 0.1 11.63823665164532
0.4 0.8 0.2 14.689009836925818
0.4 0.8 0.30000000000000004 15.519314056793945
0.4 0.8 0.4 14.594999958218446
0.4 0.8 0.5 12.618024552004728
0.4 0.8 0.6000000000000001 10.230537478923539
0.4 0.8 0.7000000000000001 7.865312482208183
0.4 0.8 0.8 5.71954809367939
0.4 0.8 0.9 3.789552897446332
0.4 0.8 1.0 1.9338108744956952
0.4 0.9 0.0 2.8364389338932945
0.4 0.9 0.1 5.139220257225636
0.4 0.9 0.2 6.562998313428137
0.4 0.9 0.30000000000000004 7.038325979884804
0.4 0.9 0.4 6.730231002388051
0.4 0.9 0.5 5.917170824543138
0.4 0.9 0.6000000000000001 4.871951708110092
0.4 0.9 0.7000000000000001 3.791073374863881
0.4 0.9 0.8 2.773669095223537
0.4 0.9 0.9 1.8321201132769076
0.4 0.9 1.0 0.9228109044407611
0.4 1.0 0.0 -2.626088403430269e-13
0.4 1.0 0.1 -2.626088403430269e-13
0.4 1.0 0.2 -2.626088403430269e-13
0.4 1.0 0.30000000000000004 0.0
0.4 1.0 0.4 0.0
0.4 1.0 0.5 0.0
0.4 1.0 0.6000000000000001 0.0
0.4 1.0 0.7000000000000001 0.0
0.4 1.0 0.8 0.0
0.4 1.0 0.9 0.0
0.4 1.0 1.0 0.0
0.5 0.0 0.0 902.9862702310417
0.5 0.0 0.1 1074.594311186013
0.5 0.0 0.2 956.8693618808496
0.5 0.0 0.30000000000000004 226.2671821697358
0.5 0.0 0.4 57.73183671580624
0.5 0.0 0.5 15.316674594856734
0.5 0.0 0.6000000000000001 4.131606890300425
0.5 0.0 0.7000000000000001 1.1199897479807999
0.5 0.0 0.8 0.3033517077384158
0.5 0.0 0.9 0.0815682421592117
0.5 0.0 1.0 0.0204898834366017
0.5 0.1 0.0 371.98288352048337
0.5 0.1 0.1 516.8303710866778
0.5 0.1 0.2 473.03186250302264
0.5 0.1 0.30000000000000004 253.9012173424683
0.5 0.1 0.4 128.34032149043946
0.5 0.1 0.5 66.59222189217896
0.5 0.1 0.6000000000000001 36.3721789282829
0.5 0.1 0.7000000000000001 20.86716149161351
0.5 0.1 0.8 12.31609886428229
0.5 0.1 0.9 7.136842111650165
0.5 0.1 1.0 3.462741983133073
0.5 0.2 0.0 188.96917801189497
0.5 0.2 0.1 288.41173565841376
0.5 0.2 0.2 287.04954870943226
0.5 0.2 0.30000000000000004 209.42257065710356
0.5 0.2 0.4 136.56612580523824
0.5 0.2 0.5 85.8529799234149
0.5 0.2 0.6000000000000001 53.641745301838924
0.5 0.2 0.7000000000000001 33.58360439655016
0.5 0.2 0.8 20.93947707287418
0.5 0.2 0.9 12.684006180139303
0.5 0.2 1.0 6.693405035670401
0.5 0.30000000000000004 0.0 131.22305920211053
0.5 0.30000000000000004 0.1 215.19749614562306
0.5 0.30000000000000004 0.2 236.1665562992347
0.5 0.30000000000000004 0.30000000000000004 206.6497155567204
0.5 0.30000000000000004 0.4 160.12593169946464
0.5 0.30000000000000004 0.5 115.81945676575235
0.5 0.30000000000000004 0.6000000000000001 80.2903135385789
0.5 0.30000000000000004 0.7000000000000001 53.98839472178502
0.5 0.30000000000000004 0.8 35.2838453930995
0.5 0.30000000000000004 0.9 22.277519629581963
0.5 0.30000000000000004 1.0 13.81563908459711
0.5 0.4 0.0 119.8978420029764
0.5 0.4 0.1 203.2843924977499
0.5 0.4 0.2 233.95297364921035
0.5 0.4 0.30000000000000004 218.99988929539234
0.5 0.4 0.4 180.3638439489391
0.5 0.4 0.5 136.5820100219342
0.5 0.4 0.6000000000000001 97.61743408214231
0.5 0.4 0.7000000000000001 66.81661319358591
0.5 0.4 0.8 44.01367966754252
0.5 0.4 0.9 27.75569419382825
0.5 0.4 1.0 16.78708136733577
0.5 0.5 0.0 153.9693681959614
0.5 0.5 0.1 260.2539232576431
0.5 0.5 0.2 298.133867133915
0.5 0.5 0.30000000000000004 277.33255926629846
0.5 0.5 0.4 226.9651619854031
0.5 0.5 0.5 170.8938777761744
0.5 0.5 0.6000000000000001 121.50589574147803
0.5 0.5 0.7000000000000001 82.70053555680089
0.5 0.5 0.8 53.99311192423934
0.5 0.5 0.9 33.30668467212276
0.5 0.5 1.0 18.80280692258219
0.5 0.6000000000000001 0.0 235.64400812605913
0.5 0.6000000000000001 0.1 385.5693847096392
0.5 0.6000000000000001 0.2 421.08033238193883
0.5 0.6000000000000001 0.30000000000000004 365.4932200309728
0.5 0.6000000000000001 0.4 279.64555976311226
0.5 0.6000000000000001 0.5 198.90709739900325
0.5 0.6000000000000001 0.6000000000000001 135.13338563937418
0.5 0.6000000000000001 0.7000000000000001 88.72626369916527
0.5 0.6000000000000001 0.8 56.168251171747634
0.5 0.6000000000000001 0.9 33.26883586557253
0.5 0.6000000000000001 1.0 16.071958199177075
0.5 0.7000000000000001 0.0 411.19890169870644
0.5 0.7000000000000001 0.1 639.9899061265585
0.5 0.7000000000000001 0.2 653.6790589490073
0.5 0.7000000000000001 0.30000000000000004 503.5034220549275
0.5 0.7000000000000001 0.4 345.5694410926505
0.5 0.7000000000000001 0.5 225.68212696386294
0.5 0.7000000000000001 0.6000000000000001 143.93537885414412
0.5 0.7000000000000001 0.7000000000000001 90.27919938788268
0.5 0.7000000000000001 0.8 55.22500196168287
0.5 0.7000000000000001 0.9 31.69818762416687
0.5 0.7000000000000001 1.0 14.589223734209817
0.5 0.8 0.0 769.3967269634906
0.5 0.8 0.1 1109.943601879005
0.5 0.8 0.2 1050.7015662458018
0.5 0.8 0.30000000000000004 649.8770455421586
0.5 0.8 0.4 374.02278823934563
0.5 0.8 0.5 214.81144778806186
0.5 0.8 0.6000000000000001 125.03588081692693
0.5 0.8 0.7000000000000001 73.51133195961083
0.5 0.8 0.8 42.940167168184914
0.5 0.8 0.9 23.82714039745296
0.5 0.8 1.0 10.677627111267098
0.5 0.9 0.0 1564.3182109173522
0.5 0.9 0.1 1993.818706578226
0.5 0.9 0.2 1807.080048527996
0.5 0.9 0.30000000000000004 689.9496649043948
0.5 0.9 0.4 303.2325357981256
0.5 0.9 0.5 149.34058106999953
0.5 0.9 0.6000000000000001 79.66185751063493
0.5 0.9 0.7000000000000001 44.557300721172375
0.5 0.9 0.8 25.278591701853326
0.5 0.9 0.9 13.776476360768301
0.5 0.9 1.0 6.101350910979134
0.5 1.0 0.0 3494.206302448043
0.5 1.0 0.1 3494.206302448043
0.5 1.0 0.2 3494.206302448043
0.5 1.0 0.30000000000000004 0.0
0.5 1.0 0.4 0.0
0.5 1.0 0.5 0.0
0.5 1.0 0.6000000000000001 0.0
0.5 1.0 0.7000000000000001 0.0
0.5 1.0 0.8 0.0
0.5 1.0 0.9 0.0
0.5 1.0 1.0 0.0
0.6000000000000001 0.0 0.0 326.2666109174473
0.6000000000000001 0.0 0.1 419.6593944607408
0.6000000000000001 0.0 0.2 363.16120581572335
0.6000000000000001 0.0 0.30000000000000004 130.89625915616617
0.6000000000000001 0.0 0.4 39.86788554139333
0.6000000000000001 0.0 0.5 11.437933218446556
0.6000000000000001 0.0 0.6000000000000001 3.1989298801438535
0.6000000000000001 0.0 0.7000000000000001 0.8836679939490917
0.6000000000000001 0.0 0.8 0.24232371693689883
0.6000000000000001 0.0 0.9 0.06583252223533025
0.6000000000000001 0.0 1.0 0.01668447991002579
0.6000000000000001 0.1 0.0 230.97929880221028
0.6000000000000001 0.1 0.1 329.35771737975836
0.6000000000000001 0.1 0.2 301.1319350887168
0.6000000000000001 0.1 0.30000000000000004 173.07832976896617
0.6000000000000001 0.1 0.4 86.3552368534392
0.6000000000000001 0.1 0.5 41.66546619807512
0.6000000000000001 0.1 0.6000000000000001 20.345922752548358
0.6000000000000001 0.1 0.7000000000000001 10.257790673389367
0.6000000000000001 0.1 0.8 5.35921345360742
0.6000000000000001 0.1 0.9 2.826077402340793
0.6000000000000001 0.1 1.0 1.2867519625244204
0.6000000000000001 0.2 0.0 128.6411326989406
0.6000000000000001 0.2 0.1 195.38409700274613
0.6000000000000001 0.2 0.2 190.67704780221018
0.6000000000000001 0.2 0.30000000000000004 134.6098036277328
0.6000000000000001 0.2 0.4 81.71694909464719
0.6000000000000001 0.2 0.5 46.39269972174524
0.6000000000000001 0.2 0.6000000000000001 25.7394540916091
0.6000000000000001 0.2 0.7000000000000001 14.310597611678364
0.6000000000000001 0.2 0.8 8.077358690069188
0.6000000000000001 0.2 0.9 4.584293943530548
0.6000000000000001 0.2 1.0 2.302381367969834
0.6000000000000001 0.30000000000000004 0.0 74.48115349950194
0.6000000000000001 0.30000000000000004 0.1 119.24815899002857
0.6000000000000001 0.30000000000000004 0.2 125.40563404903054
0.6000000000000001 0.30000000000000004 0.30000000000000004 102.46427372505282
0.6000000000000001 0.30000000000000004 0.4 72.6877963677481
0.6000000000000001 0.30000000000000004 0.5 47.70440824311588
0.6000000000000001 0.30000000000000004 0.6000000000000001 30.068784393677312
0.6000000000000001 0.30000000000000004 0.7000000000000001 18.64109189288889
0.6000000000000001 0.30000000000000004 0.8 11.562514484425902
0.6000000000000001 0.30000000000000004 0.9 7.256949077787366
0.6000000000000001 0.30000000000000004 1.0 4.390817021496407
0.6000000000000001 0.4 0.0 43.29531663835604
0.6000000000000001 0.4 0.1 72.02654643370644
0.6000000000000001 0.4 0.2 80.35505252481119
0.6000000000000001 0.4 0.30000000000000004 71.95697183805476
0.6000000000000001 0.4 0.4 56.32526163821234
0.6000000000000001 0.4 0.5 40.54559940113502
0.6000000000000001 0.4 0.6000000000000001 27.728605409598533
0.6000000000000001 0.4 0.7000000000000001 18.432480708722995
0.6000000000000001 0.4 0.8 12.136509562170886
0.6000000000000001 0.4 0.9 8.036197080172938
0.6000000000000001 0.4 1.0 5.084942029973267
0.6000000000000001 0.5 0.0 26.273059153411857
0.6000000000000001 0.5 0.1 45.08832133891792
0.6000000000000001 0.5 0.2 52.85269289765293
0.6000000000000001 0.5 0.30000000000000004 50.714434460457255
0.6000000000000001 0.5 0.4 42.85802731886989
0.6000000000000001 0.5 0.5 33.281283119470004
0.6000000000000001 0.5 0.6000000000000001 24.41720306430044
0.6000000000000001 0.5 0.7000000000000001 17.256515397634704
0.6000000000000001 0.5 0.8 11.914893451000438
0.6000000000000001 0.5 0.9 8.083975939663578
0.6000000000000001 0.5 1.0 5.066799510285035
0.6000000000000001 0.6000000000000001 0.0 16.00539057298431
0.6000000000000001 0.6000000000000001 0.1 28.10121318854867
0.6000000000000001 0.6000000000000001 0.2 34.153101724285676
0.6000000000000001 0.6000000000000001 0.30000000000000004 34.372922585250066
0.6000000000000001 0.6000000000000001 0.4 30.622369980682727
0.6000000000000001 0.6000000000000001 0.5 25.06006858804697
0.6000000000000001 0.6000000000000001 0.6000000000000001 19.293717523913777
0.6000000000000001 0.6000000000000001 0.7000000000000001 14.192542139072456
0.6000000000000001 0.6000000000000001 0.8 10.035270145097249
0.6000000000000001 0.6000000000000001 0.9 6.6963082802305935
0.6000000000000001 0.6000000000000001 1.0 3.6857086481933163
0.6000000000000001 0.7000000000000001 0.0 9.747984701031251
0.6000000000000001 0.7000000000000001 0.1 17.412931398753287
0.6000000000000001 0.7000000000000001 0.2 21.748586066864707
0.6000000000000001 0.7000000000000001 0.30000000000000004 22.675074935420835
0.6000000000000001 0.7000000000000001 0.4 21.013491824104772
0.6000000000000001 0.7000000000000001 0.5 17.89641019984295
0.6000000000000001 0.7000000000000001 0.6000000000000001 14.299045570616444
0.6000000000000001 0.7000000000000001 0.7000000000000001 10.843388336541649
0.6000000000000001 0.7000000000000001 0.8 7.797416956012505
0.6000000000000001 0.7000000000000001 0.9 5.145245993105202
0.6000000000000001 0.7000000000000001 1.0 2.6547664564687903
0.6000000000000001 0.8 0.0 5.5565350105023175
0.6000000000000001 0.8 0.1 10.040874081814518
0.6000000000000001 0.8 0.2 12.770045494836019
0.6000000000000001 0.8 0.30000000000000004 13.624707001393737
0.6000000000000001 0.8 0.4 12.954330082510303
0.6000000000000001 0.8 0.5 11.321613659017975
0.6000000000000001 0.8 0.6000000000000001 9.26376855223823
0.6000000000000001 0.8 0.7000000000000001 7.160933570617233
0.6000000000000001 0.8 0.8 5.204356575428766
0.6000000000000001 0.8 0.9 3.420575727273561
0.6000000000000001 0.8 1.0 1.7224449593583222
0.6000000000000001 0.9 0.0 2.522623376119592
0.6000000000000001 0.9 0.1 4.589501536357964
0.6000000000000001 0.9 0.2 5.899255256667565
0.6000000000000001 0.9 0.30000000000000004 6.379476128148639
0.6000000000000001 0.9 0.4 6.157413552374597
0.6000000000000001 0.9 0.5 5.46389662896729
0.6000000000000001 0.9 0.6000000000000001 4.534185063364622
0.6000000000000001 0.9 0.7000000000000001 3.5452461340017947
0.6000000000000001 0.9 0.8 2.5940900419811017
0.6000000000000001 0.9 0.9 1.7045248672565527
0.6000000000000001 0.9 1.0 0.8513841466629968
0.6000000000000001 1.0 0.0 8.92557998023278e-14
0.6000000000000001 1.0 0.1 8.92557998023278e-14
0.6000000000000001 1.0 0.2 8.92557998023278e-14
0.6000000000000001 1.0 0.30000000000000004 0.0
0.6000000000000001 1.0 0.4 0.0
0.6000000000000001 1.0 0.5 0.0
0.6000000000000001 1.0 0.6000000000000001 0.0
0.6000000000000001 1.0 0.7000000000000001 0.0
0.6000000000000001 1.0 0.8 0.0
0.6000000000000001 1.0 0.9 0.0
0.6000000000000001 1.0 1.0 0.0
0.7000000000000001 0.0 0.0 634.9540008129039
0.7000000000000001 0.0 0.1 753.9342388452579
0.7000000000000001 0.0 0.2 671.5422193965884
0.7000000000000001 0.0 0.30000000000000004 156.0812814101434
0.7000000000000001 0.0 0.4 39.14128415794097
0.7000000000000001 0.0 0.5 10.244109294285476
0.7000000000000001 0.0 0.6000000000000001 2.740371178167039
0.7000000000000001 0.0 0.7000000000000001 0.7407646186329988
0.7000000000000001 0.0 0.8 0.20109007769855505
0.7000000000000001 0.0 0.9 0.05441869440584527
0.7000000000000001 0.0 1.0 0.013784473788222862
0.7000000000000001 0.1 0.0 254.65138137212625
0.7000000000000001 0.1 0.1 352.87639833612235
0.7000000000000001 0.1 0.2 322.75506183908516
0.7000000000000001 0.1 0.30000000000000004 171.85196752054566
0.7000000000000001 0.1 0.4 86.83525243656806
0.7000000000000001 0.1 0.5 45.42574449046371
0.7000000000000001 0.1 0.6000000000000001 25.14177257047174
0.7000000000000001 0.1 0.7000000000000001 14.624632818082166
0.7000000000000001 0.1 0.8 8.728618571098115
0.7000000000000001 0.1 0.9 5.094090183012485
0.7000000000000001 0.1 1.0 2.4790917194966497
0.7000000000000001 0.2 0.0 127.6936291893033
0.7000000000000001 0.2 0.1 194.9236726897779
0.7000000000000001 0.2 0.2 194.3913737269093
0.7000000000000001 0.2 0.30000000000000004 142.26040251353112
0.7000000000000001 0.2 0.4 93.52550330623104
0.7000000000000001 0.2 0.5 59.487427245423696
0.7000000000000001 0.2 0.6000000000000001 37.635972366594046
0.7000000000000001 0.2 0.7000000000000001 23.822356128223067
0.7000000000000001 0.2 0.8 14.972177249494488
0.7000000000000001 0.2 0.9 9.107368382808193
0.7000000000000001 0.2 1.0 4.806658648569037
0.7000000000000001 0.30000000000000004 0.0 89.84546034790063
0.7000000000000001 0.30000000000000004 0.1 147.70426046366043
0.7000000000000001 0.30000000000000004 0.2 162.8250889384618
0.7000000000000001 0.30000000000000004 0.30000000000000004 143.4476873840724
0.7000000000000001 0.30000000000000004 0.4 112.11468964813662
0.7000000000000001 0.30000000000000004 0.5 81.83073808713293
0.7000000000000001 0.30000000000000004 0.6000000000000001 57.200319665396215
0.7000000000000001 0.30000000000000004 0.7000000000000001 38.72035654415033
0.7000000000000001 0.30000000000000004 0.8 25.416307608017412
0.7000000000000001 0.30000000000000004 0.9 16.06357664412742
0.7000000000000001 0.30000000000000004 1.0 9.921828988371473
0.7000000000000001 0.4 0.0 84.07677866569021
0.7000000000000001 0.4 0.1 142.82483509944245
0.7000000000000001 0.4 0.2 164.90039126240353
0.7000000000000001 0.4 0.30000000000000004 155.05725963809064
0.7000000000000001 0.4 0.4 128.3808301427197
0.7000000000000001 0.4 0.5 97.7529510150718
0.7000000000000001 0.4 0.6000000000000001 70.22528011630267
0.7000000000000001 0.4 0.7000000000000001 48.2712372862202
0.7000000000000001 0.4 0.8 31.879426263880184
0.7000000000000001 0.4 0.9 20.095664386255557
0.7000000000000001 0.4 1.0 12.08769263257493
0.7000000000000001 0.5 0.0 109.63195877558375
0.7000000000000001 0.5 0.1 185.48003809335106
0.7000000000000001 0.5 0.2 212.81612110144658
0.7000000000000001 0.5 0.30000000000000004 198.43627116824032
0.7000000000000001 0.5 0.4 162.8904198647354
0.7000000000000001 0.5 0.5 123.07291388818965
0.7000000000000001 0.5 0.6000000000000001 87.8151739157429
0.7000000000000001 0.5 0.7000000000000001 59.95884031080518
0.7000000000000001 0.5 0.8 39.226746635754814
0.7000000000000001 0.5 0.9 24.191843954359708
0.7000000000000001 0.5 1.0 13.589820460526653
0.7000000000000001 0.6000000000000001 0.0 168.40102458397376
0.7000000000000001 0.6000000000000001 0.1 275.7010326905518
0.7000000000000001 0.6000000000000001 0.2 301.4097080215797
0.7000000000000001 0.6000000000000001 0.30000000000000004 262.0800449054925
0.7000000000000001 0.6000000000000001 0.4 201.01669825174375
0.7000000000000001 0.6000000000000001 0.5 143.41738648578527
0.7000000000000001 0.6000000000000001 0.6000000000000001 97.76687186008436
0.7000000000000001 0.6000000000000001 0.7000000000000001 64.40666744847547
0.7000000000000001 0.6000000000000001 0.8 40.8805644906678
0.7000000000000001 0.6000000000000001 0.9 24.23983546410892
0.7000000000000001 0.6000000000000001 1.0 11.694411328320554
0.7000000000000001 0.7000000000000001 0.0 293.6904797421978
0.7000000000000001 0.7000000000000001 0.1 457.28839293409897
0.7000000000000001 0.7000000000000001 0.2 467.4311952174944
0.7000000000000001 0.7000000000000001 0.30000000000000004 360.6021390682161
0.7000000000000001 0.7000000000000001 0.4 248.06953601281694
0.7000000000000001 0.7000000000000001 0.5 162.50430693462184
0.7000000000000001 0.7000000000000001 0.6000000000000001 104.01528315917757
0.7000000000000001 0.7000000000000001 0.7000000000000001 65.48632203245306
0.7000000000000001 0.7000000000000001 0.8 40.19397274901565
0.7000000000000001 0.7000000000000001 0.9 23.123533131017698
0.7000000000000001 0.7000000000000001 1.0 10.650477667996347
0.7000000000000001 0.8 0.0 548.9536749137894
0.7000000000000001 0.8 0.1 792.1316449492783
0.7000000000000001 0.8 0.2 750.2015710336437
0.7000000000000001 0.8 0.30000000000000004 464.6298326618727
0.7000000000000001 0.8 0.4 268.0071496893866
0.7000000000000001 0.8 0.5 154.41895503462334
0.7000000000000001 0.8 0.6000000000000001 90.24751092412076
0.7000000000000001 0.8 0.7000000000000001 53.29829105313774
0.7000000000000001 0.8 0.8 31.26954958955038
0.7000000000000001 0.8 0.9 17.41186018052401
0.7000000000000001 0.8 1.0 7.818392204549013
0.7000000000000001 0.9 0.0 1115.4298055820263
0.7000000000000001 0.9 0.1 1421.8439563325032
0.7000000000000001 0.9 0.2 1288.893679269512
0.7000000000000001 0.9 0.30000000000000004 492.61436295589414
0.7000000000000001 0.9 0.4 216.94714397490918
0.7000000000000001 0.9 0.5 107.18940711089698
0.7000000000000001 0.9 0.6000000000000001 57.41986292361047
0.7000000000000001 0.9 0.7000000000000001 32.27217304487849
0.7000000000000001 0.9 0.8 18.396983559624793
0.7000000000000001 0.9 0.9 10.066391097936945
0.7000000000000001 0.9 1.0 4.4696200304923215
0.7000000000000001 1.0 0.0 2490.918838715703
0.7000000000000001 1.0 0.1 2490.918838715703
0.7000000000000001 1.0 0.2 2490.918838715703
0.7000000000000001 1.0 0.30000000000000004 0.0
0.7000000000000001 1.0 0.4 0.0
0.7000000000000001 1.0 0.5 0.0
0.7000000000000001 1.0 0.6000000000000001 0.0
0.7000000000000001 1.0 0.7000000000000001 0.0
0.7000000000000001 1.0 0.8 0.0
0.7000000000000001 1.0 0.9 0.0
0.7000000000000001 1.0 1.0 0.0
0.8 0.0 0.0 238.60431639901338
0.8 0.0 0.1 306.5309796856094
0.8 0.0 0.2 265.1577515926997
0.8 0.0 0.30000000000000004 94.9079257501644
0.8 0.0 0.4 28.65442870182387
0.8 0.0 0.5 8.14506721115823
0.8 0.0 0.6000000000000001 2.258423275939909
0.8 0.0 0.7000000000000001 0.6194584619833072
0.8 0.0 0.8 0.16903343621558795
0.8 0.0 0.9 0.04580509271296301
0.8 0.0 1.0 0.01160366841346616
0.8 0.1 0.0 166.3331641788833
0.8 0.1 0.1 236.72151372059463
0.8 0.1 0.2 216.03379789089524
0.8 0.1 0.30000000000000004 123.2887221763296
0.8 0.1 0.4 61.10460308521748
0.8 0.1 0.5 29.372461617084333
0.8 0.1 0.6000000000000001 14.34837175260792
0.8 0.1 0.7000000000000001 7.265553640865035
0.8 0.1 0.8 3.8227399764993133
0.8 0.1 0.9 2.031257891455402
0.8 0.1 1.0 0.9303518387398518
0.8 0.2 0.0 91.37374219645712
0.8 0.2 0.1 138.57850768434534
0.8 0.2 0.2 135.02254250146098
0.8 0.2 0.30000000000000004 94.96983576503195
0.8 0.2 0.4 57.526089255057755
0.8 0.2 0.5 32.68703971554473
0.8 0.2 0.6000000000000001 18.21292867079594
0.8 0.2 0.7000000000000001 10.197739554078622
0.8 0.2 0.8 5.804574278425328
0.8 0.2 0.9 3.320289954746377
0.8 0.2 1.0 1.676991524254673
0.8 0.30000000000000004 0.0 52.475377612679544
0.8 0.30000000000000004 0.1 83.99109126348179
0.8 0.30000000000000004 0.2 88.33371491067999
0.8 0.30000000000000004 0.30000000000000004 72.20030195592173
0.8 0.30000000000000004 0.4 51.33684014588386
0.8 0.30000000000000004 0.5 33.85448474889857
0.8 0.30000000000000004 0.6000000000000001 21.48920780742935
0.8 0.30000000000000004 0.7000000000000001 13.432778623532474
0.8 0.30000000000000004 0.8 8.399169503056049
0.8 0.30000000000000004 0.9 5.303857913137995
0.8 0.30000000000000004 1.0 3.2206924097955287
0.8 0.4 0.0 30.544951861465503
0.8 0.4 0.1 50.86439915510343
0.8 0.4 0.2 56.85929505060497
0.8 0.4 0.30000000000000004 51.086951835612986
0.8 0.4 0.4 40.197974332889814
0.8 0.4 0.5 29.140826484864125
0.8 0.4 0.6000000000000001 20.09457671448437
0.8 0.4 0.7000000000000001 13.470594359285023
0.8 0.4 0.8 8.930942463639413
0.8 0.4 0.9 5.9345295038990376
0.8 0.4 1.0 3.7545039153912123
0.8 0.5 0.0 18.74604160475385
0.8 0.5 0.1 32.233895106698434
0.8 0.5 0.2 37.915039100884584
0.8 0.5 0.30000000000000004 36.566518400293866
0.8 0.5 0.4 31.10884630694196
0.8 0.5 0.5 24.348196071732556
0.8 0.5 0.6000000000000001 18.012008353450735
0.8 0.5 0.7000000000000001 12.826204222827098
0.8 0.5 0.8 8.901727047456259
0.8 0.5 0.9 6.044869285115359
0.8 0.5 1.0 3.7742664858470514
0.8 0.6000000000000001 0.0 11.627276249123463
0.8 0.6000000000000001 0.1 20.464213013296625
0.8 0.6000000000000001 0.2 24.973090202874218
0.8 0.6000000000000001 0.30000000000000004 25.276637900946596
0.8 0.6000000000000001 0.4 22.675907764340792
0.8 0.6000000000000001 0.5 18.70078741672345
0.8 0.6000000000000001 0.6000000000000001 14.508721032552188
0.8 0.6000000000000001 0.7000000000000001 10.742596447212692
0.8 0.6000000000000001 0.8 7.625691272822641
0.8 0.6000000000000001 0.9 5.08773945284899
0.8 0.6000000000000001 1.0 2.788441181890758
0.8 0.7000000000000001 0.0 7.237446753430592
0.8 0.7000000000000001 0.1 12.961085803360353
0.8 0.7000000000000001 0.2 16.25530003518291
0.8 0.7000000000000001 0.30000000000000004 17.04206864900624
0.8 0.7000000000000001 0.4 15.897661363049904
0.8 0.7000000000000001 0.5 13.635502232025821
0.8 0.7000000000000001 0.6000000000000001 10.968949529364703
0.8 0.7000000000000001 0.7000000000000001 8.364439253149794
0.8 0.7000000000000001 0.8 6.034040054845896
0.8 0.7000000000000001 0.9 3.981478994343123
0.8 0.7000000000000001 1.0 2.0483649480162573
0.8 0.8 0.0 4.2160788837427745
0.8 0.8 0.1 7.637094566178928
0.8 0.8 0.2 9.75093983568929
0.8 0.8 0.30000000000000004 10.457436854139159
0.8 0.8 0.4 10.003193347500233
0.8 0.8 0.5 8.798510487442373
0.8 0.8 0.6000000000000001 7.243017909438931
0.8 0.8 0.7000000000000001 5.626297845492786
0.8 0.8 0.8 4.10065398712397
0.8 0.8 0.9 2.6959548572374086
0.8 0.8 1.0 1.3552853378156275
0.8 0.9 0.0 1.951581779336888
0.8 0.9 0.1 3.558809031148154
0.8 0.9 0.2 4.591449910382156
0.8 0.9 0.30000000000000004 4.989509347310956
0.8 0.9 0.4 4.843263964325374
0.8 0.9 0.5 4.3235206092362635
0.8 0.9 0.6000000000000001 3.608104344108405
0.8 0.9 0.7000000000000001 2.8339469689592325
0.8 0.9 0.8 2.0792192346343157
0.8 0.9 0.9 1.3669517813477887
0.8 0.9 1.0 0.6820879003239031
0.8 1.0 0.0 -7.047032979958968e-14
0.8 1.0 0.1 -7.047032979958968e-14
0.8 1.0 0.2 -7.047032979958968e-14
0.8 1.0 0.30000000000000004 0.0
0.8 1.0 0.4 0.0
0.8 1.0 0.5 0.0
0.8 1.0 0.6000000000000001 0.0
0.8 1.0 0.7000000000000001 0.0
0.8 1.0 0.8 0.0
0.8 1.0 0.9 0.0
0.8 1.0 1.0 0.0
0.9 0.0 0.0 490.14091789556545
0.9 0.0 0.1 581.4895712766883
0.9 0.0 0.2 517.9653847238335
0.9 0.0 0.30000000000000004 119.55409279631995
0.9 0.0 0.4 29.732295091679664
0.9 0.0 0.5 7.713441994900082
0.9 0.0 0.6000000000000001 2.04564280433088
0.9 0.0 0.7000000000000001 0.5485294411113514
0.9 0.0 0.8 0.14784698489870102
0.9 0.0 0.9 0.03977475724287889
0.9 0.0 1.0 0.010032443979611078
0.9 0.1 0.0 193.97692853135763
0.9 0.1 0.1 268.30462683155787
0.9 0.1 0.2 245.05397892294195
0.9 0.1 0.30000000000000004 129.53096664310695
0.9 0.1 0.4 65.06854054877313
0.9 0.1 0.5 33.95616145408937
0.9 0.1 0.6000000000000001 18.814705396015608
0.9 0.1 0.7000000000000001 10.981866636100628
0.9 0.1 0.8 6.58205485124213
0.9 0.1 0.9 3.8565548799176126
0.9 0.1 1.0 1.8830844863285263
0.9 0.2 0.0 96.04105150476296
0.9 0.2 0.1 146.42123126030185
0.9 0.2 0.2 145.84568902614498
0.9 0.2 0.30000000000000004 106.43166377239774
0.9 0.2 0.4 69.89919849765246
0.9 0.2 0.5 44.52203333210955
0.9 0.2 0.6000000000000001 28.2586382363614
0.9 0.2 0.7000000000000001 17.958804930750333
0.9 0.2 0.8 11.331810617521148
0.9 0.2 0.9 6.917778766453942
0.9 0.2 1.0 3.6647128530825577
0.9 0.30000000000000004 0.0 67.39110475049021
0.9 0.30000000000000004 0.1 110.7931465299514
0.9 0.30000000000000004 0.2 122.18388497916314
0.9 0.30000000000000004 0.30000000000000004 107.72151035016206
0.9 0.30000000000000004 0.4 84.33664501325799
0.9 0.30000000000000004 0.5 61.714457360591254
0.9 0.30000000000000004 0.6000000000000001 43.26826437042698
0.9 0.30000000000000004 0.7000000000000001 29.376700926866253
0.9 0.30000000000000004 0.8 19.33433456761667
0.9 0.30000000000000004 0.9 12.249389654324894
0.9 0.30000000000000004 1.0 7.5978529643838115
0.9 0.4 0.0 63.67797384006889
0.9 0.4 0.1 108.20095742180716
0.9 0.4 0.2 124.98999881009814
0.9 0.4 0.30000000000000004 117.62576151097139
0.9 0.4 0.4 97.50681586000337
0.9 0.4 0.5 74.35834142174927
0.9 0.4 0.6000000000000001 53.509489620124725
0.9 0.4 0.7000000000000001 36.84243804170794
0.9 0.4 0.8 24.366514361724956
0.9 0.4 0.9 15.37868775554187
0.9 0.4 1.0 9.27410609553687
0.9 0.5 0.0 84.08031975993055
0.9 0.5 0.1 142.23249330635173
0.9 0.5 0.2 163.17000228056398
0.9 0.5 0.30000000000000004 152.12355583727341
0.9 0.5 0.4 124.87743349560402
0.9 0.5 0.5 94.37695185031254
0.9 0.5 0.6000000000000001 67.37131992292191
0.9 0.5 0.7000000000000001 46.0252364333443
0.9 0.5 0.8 30.124614715482977
0.9 0.5 0.9 18.583234510819082
0.9 0.5 1.0 10.449598977514153
0.9 0.6000000000000001 0.0 130.08564338244378
0.9 0.6000000000000001 0.1 212.92115027454238
0.9 0.6000000000000001 0.2 232.6901091398822
0.9 0.6000000000000001 0.30000000000000004 202.21960901983363
0.9 0.6000000000000001 0.4 155.0251694049491
0.9 0.6000000000000001 0.5 110.56577676049105
0.9 0.6000000000000001 0.6000000000000001 75.36073561849456
0.9 0.6000000000000001 0.7000000000000001 49.645574220351264
0.9 0.6000000000000001 0.8 31.511177204534235
0.9 0.6000000000000001 0.9 18.68146646510878
0.9 0.6000000000000001 1.0 9.010601346788736
0.9 0.7000000000000001 0.0 227.54195735990535
0.9 0.7000000000000001 0.1 354.24098888807663
0.9 0.7000000000000001 0.2 362.0145854158773
0.9 0.7000000000000001 0.30000000000000004 279.15976734763746
0.9 0.7000000000000001 0.4 191.95354637593138
0.9 0.7000000000000001 0.5 125.6951674434866
0.9 0.7000000000000001 0.6000000000000001 80.43490248177764
0.9 0.7000000000000001 0.7000000000000001 50.63495341531782
0.9 0.7000000000000001 0.8 31.076547811847693
0.9 0.7000000000000001 0.9 17.875791946531848
0.9 0.7000000000000001 1.0 8.231439073903076
0.9 0.8 0.0 425.7136334906873
0.9 0.8 0.1 614.2631452576197
0.9 0.8 0.2 581.6987023452682
0.9 0.8 0.30000000000000004 360.1852265177247
0.9 0.8 0.4 207.70353270351734
0.9 0.8 0.5 119.64534448922598
0.9 0.8 0.6000000000000001 69.91659542012613
0.9 0.8 0.7000000000000001 41.292056270870106
0.9 0.8 0.8 24.227674776290723
0.9 0.8 0.9 13.491246998322955
0.9 0.8 1.0 6.057566835255215
0.9 0.9 0.0 865.223620637529
0.9 0.9 0.1 1102.8898516115485
0.9 0.9 0.2 999.7497079609186
0.9 0.9 0.30000000000000004 382.0689803682087
0.9 0.9 0.4 168.24628768948122
0.9 0.9 0.5 83.12500021110202
0.9 0.9 0.6000000000000001 44.53424413141201
0.9 0.9 0.7000000000000001 25.036863717358997
0.9 0.9 0.8 14.277478575640586
0.9 0.9 0.9 7.81463890621772
0.9 0.9 1.0 3.470351897800206
0.9 1.0 0.0 1932.2507129863807
0.9 1.0 0.1 1932.2507129863807
0.9 1.0 0.2 1932.2507129863807
0.9 1.0 0.30000000000000004 0.0
0.9 1.0 0.4 0.0
0.9 1.0 0.5 0.0
0.9 1.0 0.6000000000000001 0.0
0.9 1.0 0.7000000000000001 0.0
0.9 1.0 0.8 0.0
0.9 1.0 0.9 0.0
0.9 1.0 1.0 0.0
1.0 0.0 0.0 188.50090671131082
1.0 0.0 0.1 242.04943236874269
1.0 0.0 0.2 209.34017969091227
1.0 0.0 0.30000000000000004 74.7189512122423
1.0 0.0 0.4 22.4718070570341
1.0 0.0 0.5 6.35764686223176
1.0 0.0 0.6000000000000001 1.7534621140339375
1.0 0.0 0.7000000000000001 0.47822839545521884
1.0 0.0 0.8 0.1297442748223882
1.0 0.0 0.9 0.03496402186599821
1.0 0.0 1.0 0.00881623822132141
1.0 0.1 0.0 130.42134282185393
1.0 0.1 0.1 185.4010186812907
1.0 0.1 0.2 168.96164656981495
1.0 0.1 0.30000000000000004 95.96158154491597
1.0 0.1 0.4 47.26733050656721
1.0 0.1 0.5 22.571880065118396
1.0 0.1 0.6000000000000001 10.959397828096353
1.0 0.1 0.7000000000000001 5.523148116056001
1.0 0.1 0.8 2.8981772854112977
1.0 0.1 0.9 1.5398949136034286
1.0 0.1 1.0 0.7069577607930838
1.0 0.2 0.0 70.9900075871496
1.0 0.2 0.1 107.51211025939504
1.0 0.2 0.2 104.53252683477095
1.0 0.2 0.30000000000000004 73.18706125853417
1.0 0.2 0.4 44.09068155044278
1.0 0.2 0.5 24.92024554536754
1.0 0.2 0.6000000000000001 13.824042354996681
1.0 0.2 0.7000000000000001 7.717742936779984
1.0 0.2 0.8 4.38960310194323
1.0 0.2 0.9 2.5165629940066068
1.0 0.2 1.0 1.2783292292560466
1.0 0.30000000000000004 0.0 40.32352330846935
1.0 0.30000000000000004 0.1 64.4493422561573
1.0 0.30000000000000004 0.2 67.63059144265813
1.0 0.30000000000000004 0.30000000000000004 55.077132450305456
1.0 0.30000000000000004 0.4 39.008026058002656
1.0 0.30000000000000004 0.5 25.6365552733521
1.0 0.30000000000000004 0.6000000000000001 16.234317370785696
1.0 0.30000000000000004 0.7000000000000001 10.138586428136708
1.0 0.30000000000000004 0.8 6.34671134974741
1.0 0.30000000000000004 0.9 4.026809327530779
1.0 0.30000000000000004 1.0 2.471776620727929
1.0 0.4 0.0 23.247176871084566
1.0 0.4 0.1 38.669652029131434
1.0 0.4 0.2 43.15456642149682
1.0 0.4 0.30000000000000004 38.68415011931515
1.0 0.4 0.4 30.370782741168007
1.0 0.4 0.5 21.980843889156482
1.0 0.4 0.6000000000000001 15.146664714345649
1.0 0.4 0.7000000000000001 10.158900232257906
1.0 0.4 0.8 6.750823779326809
1.0 0.4 0.9 4.510991430640269
1.0 0.4 1.0 2.8855544508255946
1.0 0.5 0.0 14.171954805227477
1.0 0.5 0.1 24.354348000647867
1.0 0.5 0.2 28.622534149110106
1.0 0.5 0.30000000000000004 27.578084373922447
1.0 0.5 0.4 23.44597758451839
1.0 0.5 0.5 18.34850264500683
1.0 0.5 0.6000000000000001 13.581789271620906
1.0 0.5 0.7000000000000001 9.685416114107719
1.0 0.5 0.8 6.739725099627102
1.0 0.5 0.9 4.599768024350035
1.0 0.5 1.0 2.899946745279558
1.0 0.6000000000000001 0.0 8.766752757881505
1.0 0.6000000000000001 0.1 15.428052633080714
1.0 0.6000000000000001 0.2 18.826084344392797
1.0 0.6000000000000001 0.30000000000000004 19.056816313137343
1.0 0.6000000000000001 0.4 17.10380090906741
1.0 0.6000000000000001 0.5 14.118512366376766
1.0 0.6000000000000001 0.6000000000000001 10.96914259071384
1.0 0.6000000000000001 0.7000000000000001 8.137127396193975
1.0 0.6000000000000001 0.8 5.7901746187466
1.0 0.6000000000000001 0.9 3.8759516267045746
1.0 0.6000000000000001 1.0 2.134629207692418
1.0 0.7000000000000001 0.0 5.463016614360273
1.0 0.7000000000000001 0.1 9.786018400752058
1.0 0.7000000000000001 0.2 12.279528601304802
1.0 0.7000000000000001 0.30000000000000004 12.884406250528759
1.0 0.7000000000000001 0.4 12.03347725949408
1.0 0.7000000000000001 0.5 10.337291319013056
1.0 0.7000000000000001 0.6000000000000001 8.331242534110604
1.0 0.7000000000000001 0.7000000000000001 6.3660340259775
1.0 0.7000000000000001 0.8 4.602101310093207
1.0 0.7000000000000001 0.9 3.0431736869678896
1.0 0.7000000000000001 1.0 1.569114193666944
1.0 0.8 0.0 3.1945652307719223
1.0 0.8 0.1 5.789641140345426
1.0 0.8 0.2 7.398561579310354
1.0 0.8 0.30000000000000004 7.944508730147416
1.0 0.8 0.4 7.611693359154625
1.0 0.8 0.5 6.707894103978844
1.0 0.8 0.6000000000000001 5.533644312859381
1.0 0.8 0.7000000000000001 4.307579162943966
1.0 0.8 0.8 3.1456112200871083
1.0 0.8 0.9 2.0714192520637544
1.0 0.8 1.0 1.0426012864896335
1.0 0.9 0.0 1.4864554150737233
1.0 0.9 0.1 2.712412680556744
1.0 0.9 0.2 3.503299991429754
1.0 0.9 0.30000000000000004 3.812811109257125
1.0 0.9 0.4 3.708073101340266
1.0 0.9 0.5 3.3173429163769748
1.0 0.9 0.6000000000000001 2.7747651940569558
1.0 0.9 0.7000000000000001 2.1842112417736588
1.0 0.9 0.8 1.6055542383283663
1.0 0.9 0.9 1.057047736043822
1.0 0.9 1.0 0.5279192874604245
1.0 1.0 0.0 -3.190143013715195e-13
1.0 1.0 0.1 -3.190143013715195e-13
1.0 1.0 0.2 -3.190143013715195e-13
1.0 1.0 0.30000000000000004 0.0
1.0 1.0 0.4 0.0
1.0 1.0 0.5 0.0
1.0 1.0 0.6000000000000001 0.0
1.0 1.0 0.7000000000000001 0.0
1.0 1.0 0.8 0.0
1.0 1.0 0.9 0.0
1.0 1.0 1.0 0.0
