[0.         0.14166667 0.14166667 0.14166667 0.14166667 0.14166667
 0.14166667 0.14166667 0.14166667 0.14166667 0.        ]	[0.   0.08 0.08 0.08 0.08 0.08 0.08 0.08 0.08 0.08 0.  ]	[0. 0. 0. 0. 0. 0. 0. 0. 0. 0. 0.]
[0. 0. 0. 0. 0. 0. 0. 0. 0. 0. 0.]	[0. 0. 0. 0. 0. 0. 0. 0. 0. 0. 0.]	[0. 0. 0. 0. 0. 0. 0. 0. 0. 0. 0.]
[0. 0. 0. 0. 0. 0. 0. 0. 0. 0. 0.]	[0. 0. 0. 0. 0. 0. 0. 0. 0. 0. 0.]	[0. 0. 0. 0. 0. 0. 0. 0. 0. 0. 0.]
[0. 0. 0. 0. 0. 0. 0. 0. 0. 0. 0.]	[0. 0. 0. 0. 0. 0. 0. 0. 0. 0. 0.]	[0. 0. 0. 0. 0. 0. 0. 0. 0. 0. 0.]
[0. 0. 0. 0. 0. 0. 0. 0. 0. 0. 0.]	[0. 0. 0. 0. 0. 0. 0. 0. 0. 0. 0.]	[0. 0. 0. 0. 0. 0. 0. 0. 0. 0. 0.]
[0. 0. 0. 0. 0. 0. 0. 0. 0. 0. 0.]	[0. 0. 0. 0. 0. 0. 0. 0. 0. 0. 0.]	[0. 0. 0. 0. 0. 0. 0. 0. 0. 0. 0.]
[0. 0. 0. 0. 0. 0. 0. 0. 0. 0. 0.]	[0. 0. 0. 0. 0. 0. 0. 0. 0. 0. 0.]	[0. 0. 0. 0. 0. 0. 0. 0. 0. 0. 0.]
[0. 0. 0. 0. 0. 0. 0. 0. 0. 0. 0.]	[0. 0. 0. 0. 0. 0. 0. 0. 0. 0. 0.]	[0. 0. 0. 0. 0. 0. 0. 0. 0. 0. 0.]
[0. 0. 0. 0. 0. 0. 0. 0. 0. 0. 0.]	[0. 0. 0. 0. 0. 0. 0. 0. 0. 0. 0.]	[0. 0. 0. 0. 0. 0. 0. 0. 0. 0. 0.]
[ 0.         -0.02438889 -0.00077778 -0.00077778 -0.00077778 -0.00077778
 -0.00077778 -0.00077778 -0.00077778 -0.02438889  0.        ]	[ 0.         -0.06033333 -0.06033333 -0.06033333 -0.06033333 -0.06033333
 -0.06033333 -0.06033333 -0.06033333 -0.06033333  0.        ]	[0. 0. 0. 0. 0. 0. 0. 0. 0. 0. 0.]
[0.         0.01390278 0.01390278 0.01390278 0.01390278 0.01390278
 0.01390278 0.01390278 0.01390278 0.01390278 0.        ]	[0.     0.0064 0.0064 0.0064 0.0064 0.0064 0.0064 0.0064 0.0064 0.0064
 0.    ]	[0. 0. 0. 0. 0. 0. 0. 0. 0. 0. 0.]
[0. 0. 0. 0. 0. 0. 0. 0. 0. 0. 0.]	[0. 0. 0. 0. 0. 0. 0. 0. 0. 0. 0.]	[0. 0. 0. 0. 0. 0. 0. 0. 0. 0. 0.]
[0. 0. 0. 0. 0. 0. 0. 0. 0. 0. 0.]	[0. 0. 0. 0. 0. 0. 0. 0. 0. 0. 0.]	[0. 0. 0. 0. 0. 0. 0. 0. 0. 0. 0.]
[0. 0. 0. 0. 0. 0. 0. 0. 0. 0. 0.]	[0. 0. 0. 0. 0. 0. 0. 0. 0. 0. 0.]	[0. 0. 0. 0. 0. 0. 0. 0. 0. 0. 0.]
[0. 0. 0. 0. 0. 0. 0. 0. 0. 0. 0.]	[0. 0. 0. 0. 0. 0. 0. 0. 0. 0. 0.]	[0. 0. 0. 0. 0. 0. 0. 0. 0. 0. 0.]
[0. 0. 0. 0. 0. 0. 0. 0. 0. 0. 0.]	[0. 0. 0. 0. 0. 0. 0. 0. 0. 0. 0.]	[0. 0. 0. 0. 0. 0. 0. 0. 0. 0. 0.]
[0. 0. 0. 0. 0. 0. 0. 0. 0. 0. 0.]	[0. 0. 0. 0. 0. 0. 0. 0. 0. 0. 0.]	[0. 0. 0. 0. 0. 0. 0. 0. 0. 0. 0.]
[0. 0. 0. 0. 0. 0. 0. 0. 0. 0. 0.]	[0. 0. 0. 0. 0. 0. 0. 0. 0. 0. 0.]	[0. 0. 0. 0. 0. 0. 0. 0. 0. 0. 0.]
[0.         0.05214459 0.04807978 0.05201496 0.05201496 0.05201496
 0.05201496 0.05201496 0.04807978 0.05214459 0.        ]	[0.         0.04115658 0.03643436 0.03643436 0.03643436 0.03643436
 0.03643436 0.03643436 0.03643436 0.04115658 0.        ]	[0. 0. 0. 0. 0. 0. 0. 0. 0. 0. 0.]
[ 0.         -0.00916121 -0.00586028 -0.00586028 -0.00586028 -0.00586028
 -0.00586028 -0.00586028 -0.00586028 -0.00916121  0.        ]	[ 0.         -0.01063826 -0.01063826 -0.01063826 -0.01063826 -0.01063826
 -0.01063826 -0.01063826 -0.01063826 -0.01063826  0.        ]	[0. 0. 0. 0. 0. 0. 0. 0. 0. 0. 0.]
[0.         0.00121928 0.00121928 0.00121928 0.00121928 0.00121928
 0.00121928 0.00121928 0.00121928 0.00121928 0.00121928]	[0.       0.000512 0.000512 0.000512 0.000512 0.000512 0.000512 0.000512
 0.000512 0.000512 0.      ]	[0. 0. 0. 0. 0. 0. 0. 0. 0. 0. 0.]
[0. 0. 0. 0. 0. 0. 0. 0. 0. 0. 0.]	[0. 0. 0. 0. 0. 0. 0. 0. 0. 0. 0.]	[0. 0. 0. 0. 0. 0. 0. 0. 0. 0. 0.]
[0. 0. 0. 0. 0. 0. 0. 0. 0. 0. 0.]	[0. 0. 0. 0. 0. 0. 0. 0. 0. 0. 0.]	[0. 0. 0. 0. 0. 0. 0. 0. 0. 0. 0.]
[0. 0. 0. 0. 0. 0. 0. 0. 0. 0. 0.]	[0. 0. 0. 0. 0. 0. 0. 0. 0. 0. 0.]	[0. 0. 0. 0. 0. 0. 0. 0. 0. 0. 0.]
[0. 0. 0. 0. 0. 0. 0. 0. 0. 0. 0.]	[0. 0. 0. 0. 0. 0. 0. 0. 0. 0. 0.]	[0. 0. 0. 0. 0. 0. 0. 0. 0. 0. 0.]
[0. 0. 0. 0. 0. 0. 0. 0. 0. 0. 0.]	[0. 0. 0. 0. 0. 0. 0. 0. 0. 0. 0.]	[0. 0. 0. 0. 0. 0. 0. 0. 0. 0. 0.]
[0. 0. 0. 0. 0. 0. 0. 0. 0. 0. 0.]	[0. 0. 0. 0. 0. 0. 0. 0. 0. 0. 0.]	[0. 0. 0. 0. 0. 0. 0. 0. 0. 0. 0.]
[ 0.         -0.02804855 -0.01856438 -0.01924185 -0.01858599 -0.01858599
 -0.01858599 -0.01924185 -0.01856438 -0.02804855  0.        ]	[ 0.         -0.03224679 -0.03077364 -0.03156068 -0.03156068 -0.03156068
 -0.03156068 -0.03156068 -0.03077364 -0.03224679  0.        ]	[0. 0. 0. 0. 0. 0. 0. 0. 0. 0. 0.]
[0.         0.01331557 0.01161933 0.01233345 0.01233345 0.01233345
 0.01233345 0.01233345 0.01161933 0.01331557 0.        ]	[0.         0.01063457 0.00997438 0.00997438 0.00997438 0.00997438
 0.00997438 0.00997438 0.00997438 0.01063457 0.        ]	[0. 0. 0. 0. 0. 0. 0. 0. 0. 0. 0.]
[ 0.         -0.0016004  -0.00125965 -0.00125965 -0.00125965 -0.00125965
 -0.00125965 -0.00125965 -0.00125965 -0.00125965 -0.00125965]	[ 0.         -0.00134042 -0.00134042 -0.00134042 -0.00134042 -0.00134042
 -0.00134042 -0.00134042 -0.00134042 -0.00134042  0.        ]	[0. 0. 0. 0. 0. 0. 0. 0. 0. 0. 0.]
[0.       0.000102 0.000102 0.000102 0.000102 0.000102 0.000102 0.000102
 0.000102 0.000102 0.      ]	[0.000e+00 4.096e-05 4.096e-05 4.096e-05 4.096e-05 4.096e-05 4.096e-05
 4.096e-05 4.096e-05 4.096e-05 0.000e+00]	[0. 0. 0. 0. 0. 0. 0. 0. 0. 0. 0.]
[0. 0. 0. 0. 0. 0. 0. 0. 0. 0. 0.]	[0. 0. 0. 0. 0. 0. 0. 0. 0. 0. 0.]	[0. 0. 0. 0. 0. 0. 0. 0. 0. 0. 0.]
[0. 0. 0. 0. 0. 0. 0. 0. 0. 0. 0.]	[0. 0. 0. 0. 0. 0. 0. 0. 0. 0. 0.]	[0. 0. 0. 0. 0. 0. 0. 0. 0. 0. 0.]
[0. 0. 0. 0. 0. 0. 0. 0. 0. 0. 0.]	[0. 0. 0. 0. 0. 0. 0. 0. 0. 0. 0.]	[0. 0. 0. 0. 0. 0. 0. 0. 0. 0. 0.]
[0. 0. 0. 0. 0. 0. 0. 0. 0. 0. 0.]	[0. 0. 0. 0. 0. 0. 0. 0. 0. 0. 0.]	[0. 0. 0. 0. 0. 0. 0. 0. 0. 0. 0.]
[0. 0. 0. 0. 0. 0. 0. 0. 0. 0. 0.]	[0. 0. 0. 0. 0. 0. 0. 0. 0. 0. 0.]	[0. 0. 0. 0. 0. 0. 0. 0. 0. 0. 0.]
[0.         0.03003438 0.02517603 0.02689579 0.02678288 0.02678288
 0.02678288 0.02689579 0.02517603 0.03003438 0.        ]	[0.         0.02645624 0.02422016 0.02449848 0.02436731 0.02436731
 0.02436731 0.02449848 0.02422016 0.02645624 0.        ]	[0. 0. 0. 0. 0. 0. 0. 0. 0. 0. 0.]
[ 0.         -0.01101728 -0.00826963 -0.00858056 -0.00843422 -0.00843422
 -0.00843422 -0.00858056 -0.00826963 -0.01100882  0.        ]	[ 0.         -0.01085867 -0.01045128 -0.0105941  -0.0105941  -0.0105941
 -0.0105941  -0.0105941  -0.01045128 -0.01079052  0.        ]	[0. 0. 0. 0. 0. 0. 0. 0. 0. 0. 0.]
[0.         0.00238186 0.00204445 0.00213099 0.00213099 0.00213099
 0.00213099 0.00213099 0.00213099 0.00213099 0.00213099]	[0.         0.00183977 0.00177162 0.00177162 0.00177162 0.00177162
 0.00177162 0.00177162 0.00177162 0.00177162 0.        ]	[0. 0. 0. 0. 0. 0. 0. 0. 0. 0. 0.]
[ 0.         -0.00021239 -0.0001812  -0.0001812  -0.0001812  -0.0001812
 -0.0001812  -0.0001812  -0.0001812  -0.0001982   0.        ]	[ 0.         -0.00014729 -0.00014729 -0.00014729 -0.00014729 -0.00014729
 -0.00014729 -0.00014729 -0.00014729 -0.00014729  0.        ]	[0. 0. 0. 0. 0. 0. 0. 0. 0. 0. 0.]
[0.00000000e+00 8.34614307e-06 8.34614307e-06 8.34614307e-06
 8.34614307e-06 8.34614307e-06 8.34614307e-06 8.34614307e-06
 8.34614307e-06 8.34614307e-06 0.00000000e+00]	[0.0000e+00 3.2768e-06 3.2768e-06 3.2768e-06 3.2768e-06 3.2768e-06
 3.2768e-06 3.2768e-06 3.2768e-06 3.2768e-06 0.0000e+00]	[0. 0. 0. 0. 0. 0. 0. 0. 0. 0. 0.]
[0. 0. 0. 0. 0. 0. 0. 0. 0. 0. 0.]	[0. 0. 0. 0. 0. 0. 0. 0. 0. 0. 0.]	[0. 0. 0. 0. 0. 0. 0. 0. 0. 0. 0.]
[0. 0. 0. 0. 0. 0. 0. 0. 0. 0. 0.]	[0. 0. 0. 0. 0. 0. 0. 0. 0. 0. 0.]	[0. 0. 0. 0. 0. 0. 0. 0. 0. 0. 0.]
[0. 0. 0. 0. 0. 0. 0. 0. 0. 0. 0.]	[0. 0. 0. 0. 0. 0. 0. 0. 0. 0. 0.]	[0. 0. 0. 0. 0. 0. 0. 0. 0. 0. 0.]
[0. 0. 0. 0. 0. 0. 0. 0. 0. 0. 0.]	[0. 0. 0. 0. 0. 0. 0. 0. 0. 0. 0.]	[0. 0. 0. 0. 0. 0. 0. 0. 0. 0. 0.]
[ 0.         -0.02248076 -0.01707392 -0.01791541 -0.01762269 -0.01762269
 -0.01762269 -0.01791541 -0.01707392 -0.0224804   0.        ]	[ 0.         -0.02150271 -0.01998151 -0.02038765 -0.02033579 -0.02033579
 -0.02033579 -0.02038765 -0.01998151 -0.02150101  0.        ]	[0. 0. 0. 0. 0. 0. 0. 0. 0. 0. 0.]
[0.         0.01172715 0.00962262 0.01018022 0.01012369 0.01012369
 0.01012369 0.01018022 0.0096264  0.0117184  0.        ]	[0.         0.01036162 0.00974461 0.0098241  0.00979483 0.00979483
 0.00979483 0.0098241  0.00976192 0.01030975 0.        ]	[0. 0. 0. 0. 0. 0. 0. 0. 0. 0. 0.]
[ 0.         -0.00254556 -0.00201838 -0.00208757 -0.00206704 -0.00206704
 -0.00206704 -0.00206704 -0.00206704 -0.00206704 -0.00206704]	[ 0.         -0.00224086 -0.00216713 -0.00218444 -0.00218444 -0.00218444
 -0.00218444 -0.00218444 -0.00218444 -0.00218784  0.        ]	[0. 0. 0. 0. 0. 0. 0. 0. 0. 0. 0.]
[0.         0.00035198 0.00030252 0.00031133 0.00031133 0.00031133
 0.00031133 0.00031133 0.0003085  0.00034153 0.        ]	[0.         0.00025686 0.00025062 0.00025062 0.00025062 0.00025062
 0.00025062 0.00025062 0.00025062 0.00025402 0.        ]	[0. 0. 0. 0. 0. 0. 0. 0. 0. 0. 0.]
[ 0.00000000e+00 -2.44817874e-05 -2.17908225e-05 -2.17908225e-05
 -2.17908225e-05 -2.17908225e-05 -2.17908225e-05 -2.17908225e-05
 -2.17908225e-05 -2.38902035e-05  0.00000000e+00]	[ 0.00000000e+00 -1.50255246e-05 -1.50255246e-05 -1.50255246e-05
 -1.50255246e-05 -1.50255246e-05 -1.50255246e-05 -1.50255246e-05
 -1.50255246e-05 -1.50255246e-05  0.00000000e+00]	[0. 0. 0. 0. 0. 0. 0. 0. 0. 0. 0.]
[0.00000000e+00 6.75435961e-07 6.75435961e-07 6.75435961e-07
 6.75435961e-07 6.75435961e-07 6.75435961e-07 6.75435961e-07
 6.75435961e-07 6.75435961e-07 0.00000000e+00]	[0.00000e+00 2.62144e-07 2.62144e-07 2.62144e-07 2.62144e-07 2.62144e-07
 2.62144e-07 2.62144e-07 2.62144e-07 2.62144e-07 0.00000e+00]	[0. 0. 0. 0. 0. 0. 0. 0. 0. 0. 0.]
[0. 0. 0. 0. 0. 0. 0. 0. 0. 0. 0.]	[0. 0. 0. 0. 0. 0. 0. 0. 0. 0. 0.]	[0. 0. 0. 0. 0. 0. 0. 0. 0. 0. 0.]
[0. 0. 0. 0. 0. 0. 0. 0. 0. 0. 0.]	[0. 0. 0. 0. 0. 0. 0. 0. 0. 0. 0.]	[0. 0. 0. 0. 0. 0. 0. 0. 0. 0. 0.]
[0. 0. 0. 0. 0. 0. 0. 0. 0. 0. 0.]	[0. 0. 0. 0. 0. 0. 0. 0. 0. 0. 0.]	[0. 0. 0. 0. 0. 0. 0. 0. 0. 0. 0.]
[0.         0.02165013 0.0176754  0.01864856 0.01850596 0.01850596
 0.01850596 0.01864856 0.01767562 0.02164977 0.        ]	[0.         0.01915705 0.01765478 0.0179346  0.01786475 0.01786475
 0.01786475 0.0179346  0.01765554 0.01915523 0.        ]	[0. 0. 0. 0. 0. 0. 0. 0. 0. 0. 0.]
[ 0.         -0.01042893 -0.00813422 -0.00853234 -0.00842636 -0.00842636
 -0.00842636 -0.00853111 -0.00813742 -0.01041284  0.        ]	[ 0.         -0.00974479 -0.00921845 -0.00934381 -0.0093284  -0.0093284
 -0.0093284  -0.0093397  -0.00922894 -0.00964734  0.        ]	[0. 0. 0. 0. 0. 0. 0. 0. 0. 0. 0.]
[0.         0.002918   0.00239246 0.00250734 0.00249345 0.00249345
 0.00249345 0.00249345 0.00249345 0.00249345 0.00249345]	[0.         0.00248121 0.00236588 0.00238148 0.00237737 0.00237737
 0.00237737 0.00237737 0.00237681 0.00238341 0.        ]	[0. 0. 0. 0. 0. 0. 0. 0. 0. 0. 0.]
[ 0.         -0.00046508 -0.00038287 -0.000394   -0.00039168 -0.00039168
 -0.00039168 -0.00039215 -0.00038664 -0.00044413  0.        ]	[ 0.         -0.00037447 -0.00036404 -0.0003658  -0.0003658  -0.0003658
 -0.0003658  -0.0003658  -0.00036524 -0.00037226  0.        ]	[0. 0. 0. 0. 0. 0. 0. 0. 0. 0. 0.]
[0.00000000e+00 4.71662257e-05 4.10251862e-05 4.18405925e-05
 4.18405925e-05 4.18405925e-05 4.18405925e-05 4.18405925e-05
 4.13726362e-05 4.67306996e-05 0.00000000e+00]	[0.00000000e+00 3.25867674e-05 3.20485744e-05 3.20485744e-05
 3.20485744e-05 3.20485744e-05 3.20485744e-05 3.20485744e-05
 3.20485744e-05 3.24684506e-05 0.00000000e+00]	[0. 0. 0. 0. 0. 0. 0. 0. 0. 0. 0.]
[ 0.00000000e+00 -2.59355499e-06 -2.36885879e-06 -2.36885879e-06
 -2.36885879e-06 -2.36885879e-06 -2.36885879e-06 -2.36885879e-06
 -2.36885879e-06 -2.56890566e-06  0.00000000e+00]	[ 0.00000000e+00 -1.46295821e-06 -1.46295821e-06 -1.46295821e-06
 -1.46295821e-06 -1.46295821e-06 -1.46295821e-06 -1.46295821e-06
 -1.46295821e-06 -1.46295821e-06  0.00000000e+00]	[0. 0. 0. 0. 0. 0. 0. 0. 0. 0. 0.]
[0.0000000e+00 5.4357565e-08 5.4357565e-08 5.4357565e-08 5.4357565e-08
 5.4357565e-08 5.4357565e-08 5.4357565e-08 5.4357565e-08 5.4357565e-08
 0.0000000e+00]	[0.000000e+00 2.097152e-08 2.097152e-08 2.097152e-08 2.097152e-08
 2.097152e-08 2.097152e-08 2.097152e-08 2.097152e-08 2.097152e-08
 0.000000e+00]	[0. 0. 0. 0. 0. 0. 0. 0. 0. 0. 0.]
[0. 0. 0. 0. 0. 0. 0. 0. 0. 0. 0.]	[0. 0. 0. 0. 0. 0. 0. 0. 0. 0. 0.]	[0. 0. 0. 0. 0. 0. 0. 0. 0. 0. 0.]
[0. 0. 0. 0. 0. 0. 0. 0. 0. 0. 0.]	[0. 0. 0. 0. 0. 0. 0. 0. 0. 0. 0.]	[0. 0. 0. 0. 0. 0. 0. 0. 0. 0. 0.]
[ 0.         -0.01811145 -0.01424529 -0.0149481  -0.01478149 -0.01478149
 -0.01478149 -0.01494801 -0.01424548 -0.01811075  0.        ]	[ 0.         -0.0163103  -0.01505641 -0.01533066 -0.01528095 -0.01528095
 -0.01528095 -0.01533042 -0.01505709 -0.01630701  0.        ]	[0. 0. 0. 0. 0. 0. 0. 0. 0. 0. 0.]
[0.         0.01034912 0.0083571  0.00880255 0.00872968 0.00872968
 0.00873002 0.00880168 0.00836348 0.01033385 0.        ]	[0.         0.00927315 0.0087091  0.0088117  0.00878773 0.00878773
 0.00878773 0.00880868 0.00872994 0.00918503 0.        ]	[0. 0. 0. 0. 0. 0. 0. 0. 0. 0. 0.]
[ 0.         -0.00294956 -0.00234504 -0.002452   -0.00242834 -0.00242834
 -0.00242834 -0.00242834 -0.00242834 -0.00242834 -0.00242834]	[ 0.         -0.00261777 -0.00249622 -0.00252142 -0.00251818 -0.00251818
 -0.00251818 -0.00251827 -0.00251717 -0.00252867  0.        ]	[0. 0. 0. 0. 0. 0. 0. 0. 0. 0. 0.]
[0.         0.0005847  0.00048318 0.00050209 0.00049966 0.00050004
 0.00049997 0.00050088 0.0004912  0.00056637 0.        ]	[0.         0.00047681 0.00045914 0.00046152 0.00046106 0.00046106
 0.00046106 0.00046115 0.00045996 0.00047253 0.        ]	[0. 0. 0. 0. 0. 0. 0. 0. 0. 0. 0.]
[ 0.00000000e+00 -7.37961229e-05 -6.23644289e-05 -6.38515149e-05
 -6.36188328e-05 -6.36188328e-05 -6.36188328e-05 -6.37165021e-05
 -6.25940977e-05 -7.28639250e-05  0.00000000e+00]	[ 0.00000000e+00 -5.55682443e-05 -5.42950972e-05 -5.44581784e-05
 -5.44581784e-05 -5.44581784e-05 -5.44581784e-05 -5.44581784e-05
 -5.43645871e-05 -5.54762092e-05  0.00000000e+00]	[0. 0. 0. 0. 0. 0. 0. 0. 0. 0. 0.]
[0.00000000e+00 5.85831309e-06 5.17017728e-06 5.24160191e-06
 5.24160191e-06 5.24160191e-06 5.24160191e-06 5.24160191e-06
 5.18876258e-06 5.84016617e-06 0.00000000e+00]	[0.00000000e+00 3.83095839e-06 3.78601915e-06 3.78601915e-06
 3.78601915e-06 3.78601915e-06 3.78601915e-06 3.78601915e-06
 3.78601915e-06 3.82602853e-06 0.00000000e+00]	[0. 0. 0. 0. 0. 0. 0. 0. 0. 0. 0.]
[ 0.00000000e+00 -2.59981082e-07 -2.41559146e-07 -2.41559146e-07
 -2.41559146e-07 -2.41559146e-07 -2.41559146e-07 -2.41559146e-07
 -2.41559146e-07 -2.58954026e-07  0.00000000e+00]	[ 0.00000000e+00 -1.37974499e-07 -1.37974499e-07 -1.37974499e-07
 -1.37974499e-07 -1.37974499e-07 -1.37974499e-07 -1.37974499e-07
 -1.37974499e-07 -1.37974499e-07  0.00000000e+00]	[0. 0. 0. 0. 0. 0. 0. 0. 0. 0. 0.]
[0.00000000e+00 4.36205054e-09 4.36205054e-09 4.36205054e-09
 4.36205054e-09 4.36205054e-09 4.36205054e-09 4.36205054e-09
 4.36205054e-09 4.36205054e-09 0.00000000e+00]	[0.0000000e+00 1.6777216e-09 1.6777216e-09 1.6777216e-09 1.6777216e-09
 1.6777216e-09 1.6777216e-09 1.6777216e-09 1.6777216e-09 1.6777216e-09
 0.0000000e+00]	[0. 0. 0. 0. 0. 0. 0. 0. 0. 0. 0.]
[0. 0. 0. 0. 0. 0. 0. 0. 0. 0. 0.]	[0. 0. 0. 0. 0. 0. 0. 0. 0. 0. 0.]	[0. 0. 0. 0. 0. 0. 0. 0. 0. 0. 0.]
[0.         0.01722142 0.01400271 0.0146934  0.01457323 0.01457323
 0.01457326 0.01469333 0.01400311 0.01722076 0.        ]	[0.         0.01506995 0.01389831 0.01412797 0.01408007 0.01408007
 0.01408014 0.01412778 0.01389963 0.01506675 0.        ]	[0. 0. 0. 0. 0. 0. 0. 0. 0. 0. 0.]
[ 0.         -0.00942386 -0.00743849 -0.00781638 -0.00773421 -0.00773421
 -0.00773445 -0.00781455 -0.00744425 -0.00940469  0.        ]	[ 0.         -0.00861344 -0.00809413 -0.00820461 -0.00818531 -0.00818531
 -0.00818538 -0.00819971 -0.00811207 -0.00850614  0.        ]	[0. 0. 0. 0. 0. 0. 0. 0. 0. 0. 0.]
[0.         0.00310842 0.00251177 0.00263582 0.00261485 0.00261485
 0.00261485 0.00261485 0.00261485 0.00261485 0.00261485]	[0.         0.00270449 0.00256328 0.00258845 0.00258323 0.00258331
 0.00258329 0.00258348 0.00258154 0.00259657 0.        ]	[0. 0. 0. 0. 0. 0. 0. 0. 0. 0. 0.]
[ 0.         -0.00067346 -0.00054719 -0.00056904 -0.00056483 -0.00056524
 -0.00056503 -0.00056666 -0.00055393 -0.00065037  0.        ]	[ 0.         -0.00056902 -0.00054643 -0.00055051 -0.00054997 -0.00055005
 -0.00055003 -0.00055024 -0.00054808 -0.00056516  0.        ]	[0. 0. 0. 0. 0. 0. 0. 0. 0. 0. 0.]
[0.00000000e+00 1.03455484e-04 8.66495353e-05 8.93844715e-05
 8.90352511e-05 8.90901616e-05 8.90706040e-05 8.92959037e-05
 8.71625192e-05 1.02652458e-04 0.00000000e+00]	[0.00000000e+00 8.10267751e-05 7.86028091e-05 7.89145113e-05
 7.88679748e-05 7.88679748e-05 7.88679748e-05 7.88875087e-05
 7.86524600e-05 8.08367061e-05 0.00000000e+00]	[0. 0. 0. 0. 0. 0. 0. 0. 0. 0. 0.]
[ 0.00000000e+00 -1.05625504e-05 -9.09717263e-06 -9.27382385e-06
 -9.25222466e-06 -9.25222466e-06 -9.25222466e-06 -9.26510077e-06
 -9.10976665e-06 -1.05205685e-05  0.00000000e+00]	[ 0.00000000e+00 -7.52207506e-06 -7.38076351e-06 -7.39504843e-06
 -7.39504843e-06 -7.39504843e-06 -7.39504843e-06 -7.39504843e-06
 -7.38448057e-06 -7.51824026e-06  0.00000000e+00]	[0. 0. 0. 0. 0. 0. 0. 0. 0. 0. 0.]
[0.00000000e+00 6.84377705e-07 6.12375199e-07 6.18421548e-07
 6.18421548e-07 6.18421548e-07 6.18421548e-07 6.18421548e-07
 6.13320762e-07 6.83621583e-07 0.00000000e+00]	[0.00000000e+00 4.25312905e-07 4.21628518e-07 4.21628518e-07
 4.21628518e-07 4.21628518e-07 4.21628518e-07 4.21628518e-07
 4.21628518e-07 4.25107494e-07 0.00000000e+00]	[0. 0. 0. 0. 0. 0. 0. 0. 0. 0. 0.]
[ 0.00000000e+00 -2.50773917e-08 -2.35828026e-08 -2.35828026e-08
 -2.35828026e-08 -2.35828026e-08 -2.35828026e-08 -2.35828026e-08
 -2.35828026e-08 -2.50345977e-08  0.00000000e+00]	[ 0.00000000e+00 -1.27156764e-08 -1.27156764e-08 -1.27156764e-08
 -1.27156764e-08 -1.27156764e-08 -1.27156764e-08 -1.27156764e-08
 -1.27156764e-08 -1.27156764e-08  0.00000000e+00]	[0. 0. 0. 0. 0. 0. 0. 0. 0. 0. 0.]
[0.00000000e+00 3.49524266e-10 3.49524266e-10 3.49524266e-10
 3.49524266e-10 3.49524266e-10 3.49524266e-10 3.49524266e-10
 3.49524266e-10 3.49524266e-10 0.00000000e+00]	[0.00000000e+00 1.34217728e-10 1.34217728e-10 1.34217728e-10
 1.34217728e-10 1.34217728e-10 1.34217728e-10 1.34217728e-10
 1.34217728e-10 1.34217728e-10 0.00000000e+00]	[0. 0. 0. 0. 0. 0. 0. 0. 0. 0. 0.]
