[0.         0.14166667 0.14166667 0.14166667 0.14166667 0.14166667
 0.14166667 0.14166667 0.14166667 0.14166667 0.        ]	[0.   0.12 0.12 0.12 0.12 0.12 0.12 0.12 0.12 0.12 0.  ]	[0. 0. 0. 0. 0. 0. 0. 0. 0. 0. 0.]
[0. 0. 0. 0. 0. 0. 0. 0. 0. 0. 0.]	[0. 0. 0. 0. 0. 0. 0. 0. 0. 0. 0.]	[0. 0. 0. 0. 0. 0. 0. 0. 0. 0. 0.]
[0. 0. 0. 0. 0. 0. 0. 0. 0. 0. 0.]	[0. 0. 0. 0. 0. 0. 0. 0. 0. 0. 0.]	[0. 0. 0. 0. 0. 0. 0. 0. 0. 0. 0.]
[0. 0. 0. 0. 0. 0. 0. 0. 0. 0. 0.]	[0. 0. 0. 0. 0. 0. 0. 0. 0. 0. 0.]	[0. 0. 0. 0. 0. 0. 0. 0. 0. 0. 0.]
[0. 0. 0. 0. 0. 0. 0. 0. 0. 0. 0.]	[0. 0. 0. 0. 0. 0. 0. 0. 0. 0. 0.]	[0. 0. 0. 0. 0. 0. 0. 0. 0. 0. 0.]
[0. 0. 0. 0. 0. 0. 0. 0. 0. 0. 0.]	[0. 0. 0. 0. 0. 0. 0. 0. 0. 0. 0.]	[0. 0. 0. 0. 0. 0. 0. 0. 0. 0. 0.]
[0. 0. 0. 0. 0. 0. 0. 0. 0. 0. 0.]	[0. 0. 0. 0. 0. 0. 0. 0. 0. 0. 0.]	[0. 0. 0. 0. 0. 0. 0. 0. 0. 0. 0.]
[0. 0. 0. 0. 0. 0. 0. 0. 0. 0. 0.]	[0. 0. 0. 0. 0. 0. 0. 0. 0. 0. 0.]	[0. 0. 0. 0. 0. 0. 0. 0. 0. 0. 0.]
[0. 0. 0. 0. 0. 0. 0. 0. 0. 0. 0.]	[0. 0. 0. 0. 0. 0. 0. 0. 0. 0. 0.]	[0. 0. 0. 0. 0. 0. 0. 0. 0. 0. 0.]
[0.         0.02361111 0.04722222 0.04722222 0.04722222 0.04722222
 0.04722222 0.04722222 0.04722222 0.02361111 0.        ]	[ 0.     -0.0425 -0.0425 -0.0425 -0.0425 -0.0425 -0.0425 -0.0425 -0.0425
 -0.0425  0.    ]	[0. 0. 0. 0. 0. 0. 0. 0. 0. 0. 0.]
[0.         0.00590278 0.00590278 0.00590278 0.00590278 0.00590278
 0.00590278 0.00590278 0.00590278 0.00590278 0.        ]	[0. 0. 0. 0. 0. 0. 0. 0. 0. 0. 0.]	[0. 0. 0. 0. 0. 0. 0. 0. 0. 0. 0.]
[0. 0. 0. 0. 0. 0. 0. 0. 0. 0. 0.]	[0. 0. 0. 0. 0. 0. 0. 0. 0. 0. 0.]	[0. 0. 0. 0. 0. 0. 0. 0. 0. 0. 0.]
[0. 0. 0. 0. 0. 0. 0. 0. 0. 0. 0.]	[0. 0. 0. 0. 0. 0. 0. 0. 0. 0. 0.]	[0. 0. 0. 0. 0. 0. 0. 0. 0. 0. 0.]
[0. 0. 0. 0. 0. 0. 0. 0. 0. 0. 0.]	[0. 0. 0. 0. 0. 0. 0. 0. 0. 0. 0.]	[0. 0. 0. 0. 0. 0. 0. 0. 0. 0. 0.]
[0. 0. 0. 0. 0. 0. 0. 0. 0. 0. 0.]	[0. 0. 0. 0. 0. 0. 0. 0. 0. 0. 0.]	[0. 0. 0. 0. 0. 0. 0. 0. 0. 0. 0.]
[0. 0. 0. 0. 0. 0. 0. 0. 0. 0. 0.]	[0. 0. 0. 0. 0. 0. 0. 0. 0. 0. 0.]	[0. 0. 0. 0. 0. 0. 0. 0. 0. 0. 0.]
[0. 0. 0. 0. 0. 0. 0. 0. 0. 0. 0.]	[0. 0. 0. 0. 0. 0. 0. 0. 0. 0. 0.]	[0. 0. 0. 0. 0. 0. 0. 0. 0. 0. 0.]
[0. 0. 0. 0. 0. 0. 0. 0. 0. 0. 0.]	[0. 0. 0. 0. 0. 0. 0. 0. 0. 0. 0.]	[0. 0. 0. 0. 0. 0. 0. 0. 0. 0. 0.]
[0.         0.00811632 0.0120515  0.01598669 0.01598669 0.01598669
 0.01598669 0.01598669 0.0120515  0.00811632 0.        ]	[ 0.         -0.0053125  -0.01239583 -0.01239583 -0.01239583 -0.01239583
 -0.01239583 -0.01239583 -0.01239583 -0.0053125   0.        ]	[0. 0. 0. 0. 0. 0. 0. 0. 0. 0. 0.]
[0.         0.00196759 0.00393519 0.00393519 0.00393519 0.00393519
 0.00393519 0.00393519 0.00393519 0.00196759 0.        ]	[ 0.         -0.00177083 -0.00177083 -0.00177083 -0.00177083 -0.00177083
 -0.00177083 -0.00177083 -0.00177083 -0.00177083  0.        ]	[0. 0. 0. 0. 0. 0. 0. 0. 0. 0. 0.]
[0.         0.00024595 0.00024595 0.00024595 0.00024595 0.00024595
 0.00024595 0.00024595 0.00024595 0.00024595 0.00024595]	[0. 0. 0. 0. 0. 0. 0. 0. 0. 0. 0.]	[0. 0. 0. 0. 0. 0. 0. 0. 0. 0. 0.]
[0. 0. 0. 0. 0. 0. 0. 0. 0. 0. 0.]	[0. 0. 0. 0. 0. 0. 0. 0. 0. 0. 0.]	[0. 0. 0. 0. 0. 0. 0. 0. 0. 0. 0.]
[0. 0. 0. 0. 0. 0. 0. 0. 0. 0. 0.]	[0. 0. 0. 0. 0. 0. 0. 0. 0. 0. 0.]	[0. 0. 0. 0. 0. 0. 0. 0. 0. 0. 0.]
[0. 0. 0. 0. 0. 0. 0. 0. 0. 0. 0.]	[0. 0. 0. 0. 0. 0. 0. 0. 0. 0. 0.]	[0. 0. 0. 0. 0. 0. 0. 0. 0. 0. 0.]
[0. 0. 0. 0. 0. 0. 0. 0. 0. 0. 0.]	[0. 0. 0. 0. 0. 0. 0. 0. 0. 0. 0.]	[0. 0. 0. 0. 0. 0. 0. 0. 0. 0. 0.]
[0. 0. 0. 0. 0. 0. 0. 0. 0. 0. 0.]	[0. 0. 0. 0. 0. 0. 0. 0. 0. 0. 0.]	[0. 0. 0. 0. 0. 0. 0. 0. 0. 0. 0.]
[0. 0. 0. 0. 0. 0. 0. 0. 0. 0. 0.]	[0. 0. 0. 0. 0. 0. 0. 0. 0. 0. 0.]	[0. 0. 0. 0. 0. 0. 0. 0. 0. 0. 0.]
[0.         0.00209057 0.00418113 0.004837   0.00549286 0.00549286
 0.00549286 0.004837   0.00418113 0.00209057 0.        ]	[ 0.         -0.00184462 -0.0024349  -0.00361545 -0.00361545 -0.00361545
 -0.00361545 -0.00361545 -0.0024349  -0.00184462  0.        ]	[0. 0. 0. 0. 0. 0. 0. 0. 0. 0. 0.]
[0.         0.00100429 0.00149619 0.00198809 0.00198809 0.00198809
 0.00198809 0.00198809 0.00149619 0.00100429 0.        ]	[ 0.         -0.00051649 -0.00110677 -0.00110677 -0.00110677 -0.00110677
 -0.00110677 -0.00110677 -0.00110677 -0.00051649  0.        ]	[0. 0. 0. 0. 0. 0. 0. 0. 0. 0. 0.]
[0.         0.00012297 0.00024595 0.00024595 0.00024595 0.00024595
 0.00024595 0.00024595 0.00024595 0.00024595 0.00024595]	[ 0.00000000e+00 -7.37847222e-05 -7.37847222e-05 -7.37847222e-05
 -7.37847222e-05 -7.37847222e-05 -7.37847222e-05 -7.37847222e-05
 -7.37847222e-05 -7.37847222e-05  0.00000000e+00]	[0. 0. 0. 0. 0. 0. 0. 0. 0. 0. 0.]
[0.00000000e+00 1.02478781e-05 1.02478781e-05 1.02478781e-05
 1.02478781e-05 1.02478781e-05 1.02478781e-05 1.02478781e-05
 1.02478781e-05 1.02478781e-05 0.00000000e+00]	[0. 0. 0. 0. 0. 0. 0. 0. 0. 0. 0.]	[0. 0. 0. 0. 0. 0. 0. 0. 0. 0. 0.]
[0. 0. 0. 0. 0. 0. 0. 0. 0. 0. 0.]	[0. 0. 0. 0. 0. 0. 0. 0. 0. 0. 0.]	[0. 0. 0. 0. 0. 0. 0. 0. 0. 0. 0.]
[0. 0. 0. 0. 0. 0. 0. 0. 0. 0. 0.]	[0. 0. 0. 0. 0. 0. 0. 0. 0. 0. 0.]	[0. 0. 0. 0. 0. 0. 0. 0. 0. 0. 0.]
[0. 0. 0. 0. 0. 0. 0. 0. 0. 0. 0.]	[0. 0. 0. 0. 0. 0. 0. 0. 0. 0. 0.]	[0. 0. 0. 0. 0. 0. 0. 0. 0. 0. 0.]
[0. 0. 0. 0. 0. 0. 0. 0. 0. 0. 0.]	[0. 0. 0. 0. 0. 0. 0. 0. 0. 0. 0.]	[0. 0. 0. 0. 0. 0. 0. 0. 0. 0. 0.]
[0. 0. 0. 0. 0. 0. 0. 0. 0. 0. 0.]	[0. 0. 0. 0. 0. 0. 0. 0. 0. 0. 0.]	[0. 0. 0. 0. 0. 0. 0. 0. 0. 0. 0.]
[0.         0.0007387  0.00121694 0.00169517 0.00180448 0.00180448
 0.00180448 0.00169517 0.00121694 0.0007387  0.        ]	[ 0.         -0.00032588 -0.00080548 -0.00085467 -0.00105143 -0.00105143
 -0.00105143 -0.00085467 -0.00080548 -0.00032588  0.        ]	[0. 0. 0. 0. 0. 0. 0. 0. 0. 0. 0.]
[0.         0.0003416  0.00068319 0.0007925  0.00090181 0.00090181
 0.00090181 0.0007925  0.00068319 0.0003433  0.        ]	[ 0.         -0.0002644  -0.00037507 -0.00052264 -0.00052264 -0.00052264
 -0.00052264 -0.00052264 -0.00037507 -0.0002275   0.        ]	[0. 0. 0. 0. 0. 0. 0. 0. 0. 0. 0.]
[0.00000000e+00 8.32640095e-05 1.24255522e-04 1.65247034e-04
 1.65247034e-04 1.65247034e-04 1.65247034e-04 1.65247034e-04
 1.65247034e-04 1.65247034e-04 1.65247034e-04]	[ 0.00000000e+00 -3.38179977e-05 -7.07103588e-05 -7.07103588e-05
 -7.07103588e-05 -7.07103588e-05 -7.07103588e-05 -7.07103588e-05
 -7.07103588e-05 -7.07103588e-05  0.00000000e+00]	[0. 0. 0. 0. 0. 0. 0. 0. 0. 0. 0.]
[0.00000000e+00 6.83191872e-06 1.36638374e-05 1.36638374e-05
 1.36638374e-05 1.36638374e-05 1.36638374e-05 1.36638374e-05
 1.36638374e-05 1.19558578e-05 0.00000000e+00]	[ 0.00000000e+00 -3.07436343e-06 -3.07436343e-06 -3.07436343e-06
 -3.07436343e-06 -3.07436343e-06 -3.07436343e-06 -3.07436343e-06
 -3.07436343e-06 -3.07436343e-06  0.00000000e+00]	[0. 0. 0. 0. 0. 0. 0. 0. 0. 0. 0.]
[0.0000000e+00 4.2699492e-07 4.2699492e-07 4.2699492e-07 4.2699492e-07
 4.2699492e-07 4.2699492e-07 4.2699492e-07 4.2699492e-07 4.2699492e-07
 0.0000000e+00]	[0. 0. 0. 0. 0. 0. 0. 0. 0. 0. 0.]	[0. 0. 0. 0. 0. 0. 0. 0. 0. 0. 0.]
[0. 0. 0. 0. 0. 0. 0. 0. 0. 0. 0.]	[0. 0. 0. 0. 0. 0. 0. 0. 0. 0. 0.]	[0. 0. 0. 0. 0. 0. 0. 0. 0. 0. 0.]
[0. 0. 0. 0. 0. 0. 0. 0. 0. 0. 0.]	[0. 0. 0. 0. 0. 0. 0. 0. 0. 0. 0.]	[0. 0. 0. 0. 0. 0. 0. 0. 0. 0. 0.]
[0. 0. 0. 0. 0. 0. 0. 0. 0. 0. 0.]	[0. 0. 0. 0. 0. 0. 0. 0. 0. 0. 0.]	[0. 0. 0. 0. 0. 0. 0. 0. 0. 0. 0.]
[0. 0. 0. 0. 0. 0. 0. 0. 0. 0. 0.]	[0. 0. 0. 0. 0. 0. 0. 0. 0. 0. 0.]	[0. 0. 0. 0. 0. 0. 0. 0. 0. 0. 0.]
[0.         0.00021706 0.00043411 0.00053659 0.00062085 0.00062085
 0.00062085 0.00053659 0.00043411 0.00021713 0.        ]	[ 0.         -0.00011913 -0.00016012 -0.0002708  -0.0002708  -0.0002708
 -0.0002708  -0.0002708  -0.00016012 -0.00011862  0.        ]	[0. 0. 0. 0. 0. 0. 0. 0. 0. 0. 0.]
[0.         0.00014811 0.0002449  0.00034168 0.00036446 0.00036446
 0.00036446 0.00034168 0.00024604 0.00014982 0.        ]	[ 0.00000000e+00 -7.74995780e-05 -1.67680905e-04 -1.88176661e-04
 -2.20969871e-04 -2.20969871e-04 -2.20969871e-04 -1.88176661e-04
 -1.55383451e-04 -5.34170645e-05  0.00000000e+00]	[0. 0. 0. 0. 0. 0. 0. 0. 0. 0. 0.]
[0.00000000e+00 3.52270809e-05 7.04541618e-05 8.18406931e-05
 9.32272243e-05 9.32272243e-05 9.32272243e-05 9.32272243e-05
 9.32272243e-05 9.32272243e-05 9.32272243e-05]	[ 0.00000000e+00 -2.29296272e-05 -3.31775053e-05 -4.54749590e-05
 -4.54749590e-05 -4.54749590e-05 -4.54749590e-05 -4.54749590e-05
 -4.54749590e-05 -4.59873529e-05  0.00000000e+00]	[0. 0. 0. 0. 0. 0. 0. 0. 0. 0. 0.]
[0.00000000e+00 5.76443142e-06 8.61106423e-06 1.14576970e-05
 1.14576970e-05 1.14576970e-05 1.14576970e-05 1.14576970e-05
 1.11730337e-05 9.18039079e-06 0.00000000e+00]	[ 0.00000000e+00 -1.92147714e-06 -3.97105276e-06 -3.97105276e-06
 -3.97105276e-06 -3.97105276e-06 -3.97105276e-06 -3.97105276e-06
 -3.97105276e-06 -3.45865885e-06  0.00000000e+00]	[0. 0. 0. 0. 0. 0. 0. 0. 0. 0. 0.]
[0.0000000e+00 3.5582910e-07 7.1165820e-07 7.1165820e-07 7.1165820e-07
 7.1165820e-07 7.1165820e-07 7.1165820e-07 7.1165820e-07 5.6932656e-07
 0.0000000e+00]	[ 0.00000000e+00 -1.28098476e-07 -1.28098476e-07 -1.28098476e-07
 -1.28098476e-07 -1.28098476e-07 -1.28098476e-07 -1.28098476e-07
 -1.28098476e-07 -1.28098476e-07  0.00000000e+00]	[0. 0. 0. 0. 0. 0. 0. 0. 0. 0. 0.]
[0.0000000e+00 1.7791455e-08 1.7791455e-08 1.7791455e-08 1.7791455e-08
 1.7791455e-08 1.7791455e-08 1.7791455e-08 1.7791455e-08 1.7791455e-08
 0.0000000e+00]	[0. 0. 0. 0. 0. 0. 0. 0. 0. 0. 0.]	[0. 0. 0. 0. 0. 0. 0. 0. 0. 0. 0.]
[0. 0. 0. 0. 0. 0. 0. 0. 0. 0. 0.]	[0. 0. 0. 0. 0. 0. 0. 0. 0. 0. 0.]	[0. 0. 0. 0. 0. 0. 0. 0. 0. 0. 0.]
[0. 0. 0. 0. 0. 0. 0. 0. 0. 0. 0.]	[0. 0. 0. 0. 0. 0. 0. 0. 0. 0. 0.]	[0. 0. 0. 0. 0. 0. 0. 0. 0. 0. 0.]
[0. 0. 0. 0. 0. 0. 0. 0. 0. 0. 0.]	[0. 0. 0. 0. 0. 0. 0. 0. 0. 0. 0.]	[0. 0. 0. 0. 0. 0. 0. 0. 0. 0. 0.]
[0.00000000e+00 7.85233280e-05 1.35811813e-04 1.90063890e-04
 2.08092564e-04 2.08092564e-04 2.08092564e-04 1.90063890e-04
 1.35871118e-04 7.85944938e-05 0.00000000e+00]	[ 0.00000000e+00 -2.06825665e-05 -5.67636372e-05 -5.84716169e-05
 -7.69177974e-05 -7.69177974e-05 -7.69177974e-05 -5.84716169e-05
 -5.64220413e-05 -2.01915223e-05  0.00000000e+00]	[0. 0. 0. 0. 0. 0. 0. 0. 0. 0. 0.]
[0.00000000e+00 5.13283477e-05 1.02656695e-04 1.27327513e-04
 1.47443718e-04 1.47443718e-04 1.47443718e-04 1.27801952e-04
 1.03510685e-04 5.29651616e-05 0.00000000e+00]	[ 0.00000000e+00 -3.38660346e-05 -5.23335649e-05 -7.79532601e-05
 -8.13692195e-05 -8.13692195e-05 -8.13692195e-05 -7.45373008e-05
 -4.58432421e-05 -1.69783855e-05  0.00000000e+00]	[0. 0. 0. 0. 0. 0. 0. 0. 0. 0. 0.]
[0.00000000e+00 1.81539559e-05 3.00742308e-05 4.19945056e-05
 4.48411384e-05 4.48411384e-05 4.48411384e-05 4.48411384e-05
 4.48411384e-05 4.48411384e-05 4.48411384e-05]	[ 0.00000000e+00 -8.83879485e-06 -1.85529293e-05 -2.11148988e-05
 -2.45308582e-05 -2.45308582e-05 -2.45308582e-05 -2.45308582e-05
 -2.46162572e-05 -2.52140500e-05  0.00000000e+00]	[0. 0. 0. 0. 0. 0. 0. 0. 0. 0. 0.]
[0.00000000e+00 2.91779862e-06 5.83559724e-06 6.78447484e-06
 7.73335244e-06 7.73335244e-06 7.73335244e-06 7.68590856e-06
 7.35380140e-06 5.77036191e-06 0.00000000e+00]	[ 0.00000000e+00 -1.62258070e-06 -2.36982181e-06 -3.22381165e-06
 -3.22381165e-06 -3.22381165e-06 -3.22381165e-06 -3.22381165e-06
 -3.13841266e-06 -2.58331927e-06  0.00000000e+00]	[0. 0. 0. 0. 0. 0. 0. 0. 0. 0. 0.]
[0.00000000e+00 3.59535653e-07 5.37450203e-07 7.15364754e-07
 7.15364754e-07 7.15364754e-07 7.15364754e-07 7.15364754e-07
 6.79781844e-07 5.01867293e-07 0.00000000e+00]	[ 0.00000000e+00 -1.01411294e-07 -2.08160024e-07 -2.08160024e-07
 -2.08160024e-07 -2.08160024e-07 -2.08160024e-07 -2.08160024e-07
 -2.08160024e-07 -1.65460532e-07  0.00000000e+00]	[0. 0. 0. 0. 0. 0. 0. 0. 0. 0. 0.]
[0.00000000e+00 1.77914550e-08 3.55829100e-08 3.55829100e-08
 3.55829100e-08 3.55829100e-08 3.55829100e-08 3.55829100e-08
 3.55829100e-08 2.66871825e-08 0.00000000e+00]	[ 0.0000000e+00 -5.3374365e-09 -5.3374365e-09 -5.3374365e-09
 -5.3374365e-09 -5.3374365e-09 -5.3374365e-09 -5.3374365e-09
 -5.3374365e-09 -5.3374365e-09  0.0000000e+00]	[0. 0. 0. 0. 0. 0. 0. 0. 0. 0. 0.]
[0.00000000e+00 7.41310625e-10 7.41310625e-10 7.41310625e-10
 7.41310625e-10 7.41310625e-10 7.41310625e-10 7.41310625e-10
 7.41310625e-10 7.41310625e-10 0.00000000e+00]	[0. 0. 0. 0. 0. 0. 0. 0. 0. 0. 0.]	[0. 0. 0. 0. 0. 0. 0. 0. 0. 0. 0.]
[0. 0. 0. 0. 0. 0. 0. 0. 0. 0. 0.]	[0. 0. 0. 0. 0. 0. 0. 0. 0. 0. 0.]	[0. 0. 0. 0. 0. 0. 0. 0. 0. 0. 0.]
[0. 0. 0. 0. 0. 0. 0. 0. 0. 0. 0.]	[0. 0. 0. 0. 0. 0. 0. 0. 0. 0. 0.]	[0. 0. 0. 0. 0. 0. 0. 0. 0. 0. 0.]
[0.00000000e+00 2.47739833e-05 4.90418986e-05 6.26227093e-05
 7.25028973e-05 7.25028973e-05 7.25028973e-05 6.26523617e-05
 4.90893425e-05 2.48520681e-05 0.00000000e+00]	[ 0.00000000e+00 -8.15849409e-06 -9.94653532e-06 -1.88209131e-05
 -1.81946539e-05 -1.81946539e-05 -1.81946539e-05 -1.86785814e-05
 -9.70812982e-06 -7.68879968e-06  0.00000000e+00]	[0. 0. 0. 0. 0. 0. 0. 0. 0. 0. 0.]
[0.00000000e+00 2.11376694e-05 3.66878953e-05 5.13525021e-05
 5.63341095e-05 5.63341095e-05 5.64922557e-05 5.16529800e-05
 3.75305184e-05 2.20974196e-05 0.00000000e+00]	[ 0.00000000e+00 -9.95231754e-06 -2.17747394e-05 -2.55999022e-05
 -3.07807739e-05 -3.07807739e-05 -3.07807739e-05 -2.48882440e-05
 -1.76008640e-05 -2.43720694e-06  0.00000000e+00]	[0. 0. 0. 0. 0. 0. 0. 0. 0. 0. 0.]
[0.00000000e+00 7.27262789e-06 1.45452558e-05 1.80738944e-05
 2.09383186e-05 2.09383186e-05 2.09383186e-05 2.09383186e-05
 2.09383186e-05 2.09383186e-05 2.09383186e-05]	[ 0.00000000e+00 -4.57084719e-06 -7.27159006e-06 -1.05630092e-05
 -1.11323358e-05 -1.11323358e-05 -1.11323358e-05 -1.11465690e-05
 -1.12462011e-05 -1.17212330e-05  0.00000000e+00]	[0. 0. 0. 0. 0. 0. 0. 0. 0. 0. 0.]
[0.00000000e+00 1.74399502e-06 2.89253228e-06 4.04106955e-06
 4.31782551e-06 4.47597178e-06 4.46806447e-06 4.41271327e-06
 4.13941676e-06 3.11492547e-06 0.00000000e+00]	[ 0.00000000e+00 -7.67478891e-07 -1.58944411e-06 -1.82073303e-06
 -2.10539631e-06 -2.10539631e-06 -2.10539631e-06 -2.09116314e-06
 -2.00220587e-06 -1.58054838e-06  0.00000000e+00]	[0. 0. 0. 0. 0. 0. 0. 0. 0. 0. 0.]
[0.00000000e+00 2.11891287e-07 4.23782574e-07 4.92971566e-07
 5.62160558e-07 5.62160558e-07 5.62160558e-07 5.54253244e-07
 5.10763021e-07 3.54840686e-07 0.00000000e+00]	[ 0.00000000e+00 -1.02523260e-07 -1.50560188e-07 -2.03934553e-07
 -2.03934553e-07 -2.03934553e-07 -2.03934553e-07 -2.03934553e-07
 -1.93259680e-07 -1.42554033e-07  0.00000000e+00]	[0. 0. 0. 0. 0. 0. 0. 0. 0. 0. 0.]
[0.00000000e+00 2.09420252e-08 3.13203739e-08 4.16987227e-08
 4.16987227e-08 4.16987227e-08 4.16987227e-08 4.16987227e-08
 3.87334802e-08 2.68725102e-08 0.00000000e+00]	[ 0.00000000e+00 -5.11504332e-09 -1.04524798e-08 -1.04524798e-08
 -1.04524798e-08 -1.04524798e-08 -1.04524798e-08 -1.04524798e-08
 -1.04524798e-08 -7.78376157e-09  0.00000000e+00]	[0. 0. 0. 0. 0. 0. 0. 0. 0. 0. 0.]
[0.00000000e+00 8.64862396e-10 1.72972479e-09 1.72972479e-09
 1.72972479e-09 1.72972479e-09 1.72972479e-09 1.72972479e-09
 1.72972479e-09 1.23551771e-09 0.00000000e+00]	[ 0.00000000e+00 -2.22393188e-10 -2.22393188e-10 -2.22393188e-10
 -2.22393188e-10 -2.22393188e-10 -2.22393188e-10 -2.22393188e-10
 -2.22393188e-10 -2.22393188e-10  0.00000000e+00]	[0. 0. 0. 0. 0. 0. 0. 0. 0. 0. 0.]
[0.00000000e+00 3.08879427e-11 3.08879427e-11 3.08879427e-11
 3.08879427e-11 3.08879427e-11 3.08879427e-11 3.08879427e-11
 3.08879427e-11 3.08879427e-11 0.00000000e+00]	[0. 0. 0. 0. 0. 0. 0. 0. 0. 0. 0.]	[0. 0. 0. 0. 0. 0. 0. 0. 0. 0. 0.]
[0. 0. 0. 0. 0. 0. 0. 0. 0. 0. 0.]	[0. 0. 0. 0. 0. 0. 0. 0. 0. 0. 0.]	[0. 0. 0. 0. 0. 0. 0. 0. 0. 0. 0.]
[0.00000000e+00 9.05438600e-06 1.60947777e-05 2.23971536e-05
 2.48681890e-05 2.48681890e-05 2.48797205e-05 2.24175808e-05
 1.61478432e-05 9.10228290e-06 0.00000000e+00]	[ 0.00000000e+00 -1.09089418e-06 -3.70620100e-06 -3.38106216e-06
 -4.85063635e-06 -4.85063635e-06 -4.80319247e-06 -3.29981452e-06
 -3.46764725e-06 -8.26394553e-07  0.00000000e+00]	[0. 0. 0. 0. 0. 0. 0. 0. 0. 0. 0.]
[0.00000000e+00 7.44992468e-06 1.47311600e-05 1.88660259e-05
 2.18411526e-05 2.18411526e-05 2.19110005e-05 1.91389930e-05
 1.51523892e-05 8.01535421e-06 0.00000000e+00]	[ 0.00000000e+00 -4.15951245e-06 -6.64279185e-06 -9.98358232e-06
 -1.06187373e-05 -1.06187373e-05 -1.06661811e-05 -9.21439841e-06
 -4.97765992e-06 -3.47730282e-07  0.00000000e+00]	[0. 0. 0. 0. 0. 0. 0. 0. 0. 0. 0.]
[0.00000000e+00 3.37761198e-06 5.87360486e-06 8.22199455e-06
 9.02919945e-06 9.02919945e-06 9.02919945e-06 9.02919945e-06
 9.02919945e-06 9.02919945e-06 9.02919945e-06]	[ 0.00000000e+00 -1.65858986e-06 -3.49581705e-06 -4.20984744e-06
 -4.98614793e-06 -4.93870405e-06 -4.94107624e-06 -4.95768160e-06
 -5.03967056e-06 -5.34701794e-06  0.00000000e+00]	[0. 0. 0. 0. 0. 0. 0. 0. 0. 0. 0.]
[0.00000000e+00 7.93943680e-07 1.58788736e-06 1.97534571e-06
 2.31536019e-06 2.36016830e-06 2.37730081e-06 2.33010403e-06
 2.14831819e-06 1.57711776e-06 0.00000000e+00]	[ 0.00000000e+00 -4.59631121e-07 -7.40624913e-07 -1.06442939e-06
 -1.12669949e-06 -1.17414337e-06 -1.17177117e-06 -1.15753801e-06
 -1.08859612e-06 -8.28025436e-07  0.00000000e+00]	[0. 0. 0. 0. 0. 0. 0. 0. 0. 0. 0.]
[0.00000000e+00 1.44169473e-07 2.39304336e-07 3.34439200e-07
 3.57502197e-07 3.75623124e-07 3.73975767e-07 3.64421096e-07
 3.25605248e-07 2.16035419e-07 0.00000000e+00]	[ 0.00000000e+00 -5.72847786e-08 -1.17738660e-07 -1.35381853e-07
 -1.56138550e-07 -1.56138550e-07 -1.56138550e-07 -1.53766356e-07
 -1.41608862e-07 -9.83904528e-08  0.00000000e+00]	[0. 0. 0. 0. 0. 0. 0. 0. 0. 0. 0.]
[0.00000000e+00 1.40849019e-08 2.81698038e-08 3.27824032e-08
 3.73950027e-08 3.73950027e-08 3.73950027e-08 3.65713242e-08
 3.27824032e-08 2.12920885e-08 0.00000000e+00]	[ 0.00000000e+00 -6.02314883e-09 -8.87719474e-09 -1.19906994e-08
 -1.19906994e-08 -1.19906994e-08 -1.19906994e-08 -1.19906994e-08
 -1.11011266e-08 -7.69109774e-09  0.00000000e+00]	[0. 0. 0. 0. 0. 0. 0. 0. 0. 0. 0.]
[0.00000000e+00 1.16215885e-09 1.73873378e-09 2.31530871e-09
 2.31530871e-09 2.31530871e-09 2.31530871e-09 2.31530871e-09
 2.10938909e-09 1.40926239e-09 0.00000000e+00]	[ 0.00000000e+00 -2.50192336e-10 -5.09651055e-10 -5.09651055e-10
 -5.09651055e-10 -5.09651055e-10 -5.09651055e-10 -5.09651055e-10
 -5.09651055e-10 -3.61388930e-10  0.00000000e+00]	[0. 0. 0. 0. 0. 0. 0. 0. 0. 0. 0.]
[0.00000000e+00 4.11839236e-11 8.23678473e-11 8.23678473e-11
 8.23678473e-11 8.23678473e-11 8.23678473e-11 8.23678473e-11
 8.23678473e-11 5.66278950e-11 0.00000000e+00]	[ 0.00000000e+00 -9.26638282e-12 -9.26638282e-12 -9.26638282e-12
 -9.26638282e-12 -9.26638282e-12 -9.26638282e-12 -9.26638282e-12
 -9.26638282e-12 -9.26638282e-12  0.00000000e+00]	[0. 0. 0. 0. 0. 0. 0. 0. 0. 0. 0.]
[0.00000000e+00 1.28699761e-12 1.28699761e-12 1.28699761e-12
 1.28699761e-12 1.28699761e-12 1.28699761e-12 1.28699761e-12
 1.28699761e-12 1.28699761e-12 0.00000000e+00]	[0. 0. 0. 0. 0. 0. 0. 0. 0. 0. 0.]	[0. 0. 0. 0. 0. 0. 0. 0. 0. 0. 0.]
