[0.         0.14166667 0.14166667 0.14166667 0.14166667 0.14166667
 0.14166667 0.14166667 0.14166667 0.14166667 0.        ]	[0.   0.08 0.08 0.08 0.08 0.08 0.08 0.08 0.08 0.08 0.  ]	[0. 0. 0. 0. 0. 0. 0. 0. 0. 0. 0.]
[0. 0. 0. 0. 0. 0. 0. 0. 0. 0. 0.]	[0. 0. 0. 0. 0. 0. 0. 0. 0. 0. 0.]	[0. 0. 0. 0. 0. 0. 0. 0. 0. 0. 0.]
[0. 0. 0. 0. 0. 0. 0. 0. 0. 0. 0.]	[0. 0. 0. 0. 0. 0. 0. 0. 0. 0. 0.]	[0. 0. 0. 0. 0. 0. 0. 0. 0. 0. 0.]
[0. 0. 0. 0. 0. 0. 0. 0. 0. 0. 0.]	[0. 0. 0. 0. 0. 0. 0. 0. 0. 0. 0.]	[0. 0. 0. 0. 0. 0. 0. 0. 0. 0. 0.]
[0. 0. 0. 0. 0. 0. 0. 0. 0. 0. 0.]	[0. 0. 0. 0. 0. 0. 0. 0. 0. 0. 0.]	[0. 0. 0. 0. 0. 0. 0. 0. 0. 0. 0.]
[0. 0. 0. 0. 0. 0. 0. 0. 0. 0. 0.]	[0. 0. 0. 0. 0. 0. 0. 0. 0. 0. 0.]	[0. 0. 0. 0. 0. 0. 0. 0. 0. 0. 0.]
[0. 0. 0. 0. 0. 0. 0. 0. 0. 0. 0.]	[0. 0. 0. 0. 0. 0. 0. 0. 0. 0. 0.]	[0. 0. 0. 0. 0. 0. 0. 0. 0. 0. 0.]
[0. 0. 0. 0. 0. 0. 0. 0. 0. 0. 0.]	[0. 0. 0. 0. 0. 0. 0. 0. 0. 0. 0.]	[0. 0. 0. 0. 0. 0. 0. 0. 0. 0. 0.]
[0. 0. 0. 0. 0. 0. 0. 0. 0. 0. 0.]	[0. 0. 0. 0. 0. 0. 0. 0. 0. 0. 0.]	[0. 0. 0. 0. 0. 0. 0. 0. 0. 0. 0.]
[ 0.         -0.02438889 -0.00077778 -0.00077778 -0.00077778 -0.00077778
 -0.00077778 -0.00077778 -0.00077778 -0.02438889  0.        ]	[ 0.         -0.06033333 -0.06033333 -0.06033333 -0.06033333 -0.06033333
 -0.06033333 -0.06033333 -0.06033333 -0.06033333  0.        ]	[0. 0. 0. 0. 0. 0. 0. 0. 0. 0. 0.]
[0.         0.01390278 0.01390278 0.01390278 0.01390278 0.01390278
 0.01390278 0.01390278 0.01390278 0.01390278 0.        ]	[0.     0.0064 0.0064 0.0064 0.0064 0.0064 0.0064 0.0064 0.0064 0.0064
 0.    ]	[0. 0. 0. 0. 0. 0. 0. 0. 0. 0. 0.]
[0. 0. 0. 0. 0. 0. 0. 0. 0. 0. 0.]	[0. 0. 0. 0. 0. 0. 0. 0. 0. 0. 0.]	[0. 0. 0. 0. 0. 0. 0. 0. 0. 0. 0.]
[0. 0. 0. 0. 0. 0. 0. 0. 0. 0. 0.]	[0. 0. 0. 0. 0. 0. 0. 0. 0. 0. 0.]	[0. 0. 0. 0. 0. 0. 0. 0. 0. 0. 0.]
[0. 0. 0. 0. 0. 0. 0. 0. 0. 0. 0.]	[0. 0. 0. 0. 0. 0. 0. 0. 0. 0. 0.]	[0. 0. 0. 0. 0. 0. 0. 0. 0. 0. 0.]
[0. 0. 0. 0. 0. 0. 0. 0. 0. 0. 0.]	[0. 0. 0. 0. 0. 0. 0. 0. 0. 0. 0.]	[0. 0. 0. 0. 0. 0. 0. 0. 0. 0. 0.]
[0. 0. 0. 0. 0. 0. 0. 0. 0. 0. 0.]	[0. 0. 0. 0. 0. 0. 0. 0. 0. 0. 0.]	[0. 0. 0. 0. 0. 0. 0. 0. 0. 0. 0.]
[0. 0. 0. 0. 0. 0. 0. 0. 0. 0. 0.]	[0. 0. 0. 0. 0. 0. 0. 0. 0. 0. 0.]	[0. 0. 0. 0. 0. 0. 0. 0. 0. 0. 0.]
[0. 0. 0. 0. 0. 0. 0. 0. 0. 0. 0.]	[0. 0. 0. 0. 0. 0. 0. 0. 0. 0. 0.]	[0. 0. 0. 0. 0. 0. 0. 0. 0. 0. 0.]
[0.         0.05214459 0.04807978 0.05201496 0.05201496 0.05201496
 0.05201496 0.05201496 0.04807978 0.05214459 0.        ]	[0.         0.04115658 0.03643436 0.03643436 0.03643436 0.03643436
 0.03643436 0.03643436 0.03643436 0.04115658 0.        ]	[0. 0. 0. 0. 0. 0. 0. 0. 0. 0. 0.]
[ 0.         -0.00916121 -0.00586028 -0.00586028 -0.00586028 -0.00586028
 -0.00586028 -0.00586028 -0.00586028 -0.00916121  0.        ]	[ 0.         -0.01063826 -0.01063826 -0.01063826 -0.01063826 -0.01063826
 -0.01063826 -0.01063826 -0.01063826 -0.01063826  0.        ]	[0. 0. 0. 0. 0. 0. 0. 0. 0. 0. 0.]
[0.         0.00121928 0.00121928 0.00121928 0.00121928 0.00121928
 0.00121928 0.00121928 0.00121928 0.00121928 0.00121928]	[0.       0.000512 0.000512 0.000512 0.000512 0.000512 0.000512 0.000512
 0.000512 0.000512 0.      ]	[0. 0. 0. 0. 0. 0. 0. 0. 0. 0. 0.]
[0. 0. 0. 0. 0. 0. 0. 0. 0. 0. 0.]	[0. 0. 0. 0. 0. 0. 0. 0. 0. 0. 0.]	[0. 0. 0. 0. 0. 0. 0. 0. 0. 0. 0.]
[0. 0. 0. 0. 0. 0. 0. 0. 0. 0. 0.]	[0. 0. 0. 0. 0. 0. 0. 0. 0. 0. 0.]	[0. 0. 0. 0. 0. 0. 0. 0. 0. 0. 0.]
[0. 0. 0. 0. 0. 0. 0. 0. 0. 0. 0.]	[0. 0. 0. 0. 0. 0. 0. 0. 0. 0. 0.]	[0. 0. 0. 0. 0. 0. 0. 0. 0. 0. 0.]
[0. 0. 0. 0. 0. 0. 0. 0. 0. 0. 0.]	[0. 0. 0. 0. 0. 0. 0. 0. 0. 0. 0.]	[0. 0. 0. 0. 0. 0. 0. 0. 0. 0. 0.]
[0. 0. 0. 0. 0. 0. 0. 0. 0. 0. 0.]	[0. 0. 0. 0. 0. 0. 0. 0. 0. 0. 0.]	[0. 0. 0. 0. 0. 0. 0. 0. 0. 0. 0.]
[0. 0. 0. 0. 0. 0. 0. 0. 0. 0. 0.]	[0. 0. 0. 0. 0. 0. 0. 0. 0. 0. 0.]	[0. 0. 0. 0. 0. 0. 0. 0. 0. 0. 0.]
[ 0.         -0.02804855 -0.01856438 -0.01924185 -0.01858599 -0.01858599
 -0.01858599 -0.01924185 -0.01856438 -0.02804855  0.        ]	[ 0.         -0.03224679 -0.03077364 -0.03156068 -0.03156068 -0.03156068
 -0.03156068 -0.03156068 -0.03077364 -0.03224679  0.        ]	[0. 0. 0. 0. 0. 0. 0. 0. 0. 0. 0.]
[0.         0.01331557 0.01161933 0.01233345 0.01233345 0.01233345
 0.01233345 0.01233345 0.01161933 0.01331557 0.        ]	[0.         0.01063457 0.00997438 0.00997438 0.00997438 0.00997438
 0.00997438 0.00997438 0.00997438 0.01063457 0.        ]	[0. 0. 0. 0. 0. 0. 0. 0. 0. 0. 0.]
[ 0.         -0.0016004  -0.00125965 -0.00125965 -0.00125965 -0.00125965
 -0.00125965 -0.00125965 -0.00125965 -0.00125965 -0.00125965]	[ 0.         -0.00134042 -0.00134042 -0.00134042 -0.00134042 -0.00134042
 -0.00134042 -0.00134042 -0.00134042 -0.00134042  0.        ]	[0. 0. 0. 0. 0. 0. 0. 0. 0. 0. 0.]
[0.       0.000102 0.000102 0.000102 0.000102 0.000102 0.000102 0.000102
 0.000102 0.000102 0.      ]	[0.000e+00 4.096e-05 4.096e-05 4.096e-05 4.096e-05 4.096e-05 4.096e-05
 4.096e-05 4.096e-05 4.096e-05 0.000e+00]	[0. 0. 0. 0. 0. 0. 0. 0. 0. 0. 0.]
[0. 0. 0. 0. 0. 0. 0. 0. 0. 0. 0.]	[0. 0. 0. 0. 0. 0. 0. 0. 0. 0. 0.]	[0. 0. 0. 0. 0. 0. 0. 0. 0. 0. 0.]
[0. 0. 0. 0. 0. 0. 0. 0. 0. 0. 0.]	[0. 0. 0. 0. 0. 0. 0. 0. 0. 0. 0.]	[0. 0. 0. 0. 0. 0. 0. 0. 0. 0. 0.]
[0. 0. 0. 0. 0. 0. 0. 0. 0. 0. 0.]	[0. 0. 0. 0. 0. 0. 0. 0. 0. 0. 0.]	[0. 0. 0. 0. 0. 0. 0. 0. 0. 0. 0.]
[0. 0. 0. 0. 0. 0. 0. 0. 0. 0. 0.]	[0. 0. 0. 0. 0. 0. 0. 0. 0. 0. 0.]	[0. 0. 0. 0. 0. 0. 0. 0. 0. 0. 0.]
[0. 0. 0. 0. 0. 0. 0. 0. 0. 0. 0.]	[0. 0. 0. 0. 0. 0. 0. 0. 0. 0. 0.]	[0. 0. 0. 0. 0. 0. 0. 0. 0. 0. 0.]
[0.         0.03003438 0.02517603 0.02689579 0.02678288 0.02678288
 0.02678288 0.02689579 0.02517603 0.03003438 0.        ]	[0.         0.02645624 0.02422016 0.02449848 0.02436731 0.02436731
 0.02436731 0.02449848 0.02422016 0.02645624 0.        ]	[0. 0. 0. 0. 0. 0. 0. 0. 0. 0. 0.]
[ 0.         -0.01101728 -0.00826963 -0.00858056 -0.00843422 -0.00843422
 -0.00843422 -0.00858056 -0.00826963 -0.01100882  0.        ]	[ 0.         -0.01085867 -0.01045128 -0.0105941  -0.0105941  -0.0105941
 -0.0105941  -0.0105941  -0.01045128 -0.01079052  0.        ]	[0. 0. 0. 0. 0. 0. 0. 0. 0. 0. 0.]
[0.         0.00238186 0.00204445 0.00213099 0.00213099 0.00213099
 0.00213099 0.00213099 0.00213099 0.00213099 0.00213099]	[0.         0.00183977 0.00177162 0.00177162 0.00177162 0.00177162
 0.00177162 0.00177162 0.00177162 0.00177162 0.        ]	[0. 0. 0. 0. 0. 0. 0. 0. 0. 0. 0.]
[ 0.         -0.00021239 -0.0001812  -0.0001812  -0.0001812  -0.0001812
 -0.0001812  -0.0001812  -0.0001812  -0.0001982   0.        ]	[ 0.         -0.00014729 -0.00014729 -0.00014729 -0.00014729 -0.00014729
 -0.00014729 -0.00014729 -0.00014729 -0.00014729  0.        ]	[0. 0. 0. 0. 0. 0. 0. 0. 0. 0. 0.]
[0.00000000e+00 8.34614307e-06 8.34614307e-06 8.34614307e-06
 8.34614307e-06 8.34614307e-06 8.34614307e-06 8.34614307e-06
 8.34614307e-06 8.34614307e-06 0.00000000e+00]	[0.0000e+00 3.2768e-06 3.2768e-06 3.2768e-06 3.2768e-06 3.2768e-06
 3.2768e-06 3.2768e-06 3.2768e-06 3.2768e-06 0.0000e+00]	[0. 0. 0. 0. 0. 0. 0. 0. 0. 0. 0.]
[0. 0. 0. 0. 0. 0. 0. 0. 0. 0. 0.]	[0. 0. 0. 0. 0. 0. 0. 0. 0. 0. 0.]	[0. 0. 0. 0. 0. 0. 0. 0. 0. 0. 0.]
[0. 0. 0. 0. 0. 0. 0. 0. 0. 0. 0.]	[0. 0. 0. 0. 0. 0. 0. 0. 0. 0. 0.]	[0. 0. 0. 0. 0. 0. 0. 0. 0. 0. 0.]
[0. 0. 0. 0. 0. 0. 0. 0. 0. 0. 0.]	[0. 0. 0. 0. 0. 0. 0. 0. 0. 0. 0.]	[0. 0. 0. 0. 0. 0. 0. 0. 0. 0. 0.]
[0. 0. 0. 0. 0. 0. 0. 0. 0. 0. 0.]	[0. 0. 0. 0. 0. 0. 0. 0. 0. 0. 0.]	[0. 0. 0. 0. 0. 0. 0. 0. 0. 0. 0.]
[ 0.         -0.02439105 -0.01898421 -0.01982571 -0.01953299 -0.01953299
 -0.01953299 -0.01982571 -0.01898421 -0.0243907   0.        ]	[ 0.         -0.02231316 -0.02079196 -0.0211981  -0.02114625 -0.02114625
 -0.02114625 -0.0211981  -0.02079196 -0.02231147  0.        ]	[0. 0. 0. 0. 0. 0. 0. 0. 0. 0. 0.]
[0.         0.01291321 0.01080868 0.01136628 0.01130975 0.01130975
 0.01130975 0.01136628 0.01081246 0.01290446 0.        ]	[0.         0.0110794  0.01046239 0.01054189 0.01051262 0.01051262
 0.01051262 0.01054189 0.0104797  0.01102754 0.        ]	[0. 0. 0. 0. 0. 0. 0. 0. 0. 0. 0.]
[ 0.         -0.00288532 -0.00235813 -0.00242732 -0.0024068  -0.0024068
 -0.0024068  -0.0024068  -0.0024068  -0.0024068  -0.0024068 ]	[ 0.         -0.00247192 -0.0023982  -0.00241551 -0.00241551 -0.00241551
 -0.00241551 -0.00241551 -0.00241551 -0.00241891  0.        ]	[0. 0. 0. 0. 0. 0. 0. 0. 0. 0. 0.]
[0.         0.00040737 0.00035792 0.00036672 0.00036672 0.00036672
 0.00036672 0.00036672 0.00036389 0.00039692 0.        ]	[0.         0.0002976  0.00029136 0.00029136 0.00029136 0.00029136
 0.00029136 0.00029136 0.00029136 0.00029476 0.        ]	[0. 0. 0. 0. 0. 0. 0. 0. 0. 0. 0.]
[ 0.00000000e+00 -2.91156115e-05 -2.64246466e-05 -2.64246466e-05
 -2.64246466e-05 -2.64246466e-05 -2.64246466e-05 -2.64246466e-05
 -2.64246466e-05 -2.85240276e-05  0.00000000e+00]	[ 0.00000000e+00 -1.86015119e-05 -1.86015119e-05 -1.86015119e-05
 -1.86015119e-05 -1.86015119e-05 -1.86015119e-05 -1.86015119e-05
 -1.86015119e-05 -1.86015119e-05  0.00000000e+00]	[0. 0. 0. 0. 0. 0. 0. 0. 0. 0. 0.]
[0.00000000e+00 8.39275961e-07 8.39275961e-07 8.39275961e-07
 8.39275961e-07 8.39275961e-07 8.39275961e-07 8.39275961e-07
 8.39275961e-07 8.39275961e-07 0.00000000e+00]	[0.00000e+00 3.93216e-07 3.93216e-07 3.93216e-07 3.93216e-07 3.93216e-07
 3.93216e-07 3.93216e-07 3.93216e-07 3.93216e-07 0.00000e+00]	[0. 0. 0. 0. 0. 0. 0. 0. 0. 0. 0.]
[0. 0. 0. 0. 0. 0. 0. 0. 0. 0. 0.]	[0. 0. 0. 0. 0. 0. 0. 0. 0. 0. 0.]	[0. 0. 0. 0. 0. 0. 0. 0. 0. 0. 0.]
[0. 0. 0. 0. 0. 0. 0. 0. 0. 0. 0.]	[0. 0. 0. 0. 0. 0. 0. 0. 0. 0. 0.]	[0. 0. 0. 0. 0. 0. 0. 0. 0. 0. 0.]
[0. 0. 0. 0. 0. 0. 0. 0. 0. 0. 0.]	[0. 0. 0. 0. 0. 0. 0. 0. 0. 0. 0.]	[0. 0. 0. 0. 0. 0. 0. 0. 0. 0. 0.]
[0.         0.02302611 0.01873299 0.01970615 0.01956355 0.01956355
 0.01956355 0.01970615 0.01873321 0.02302574 0.        ]	[0.         0.02075404 0.01925177 0.01953159 0.01946174 0.01946174
 0.01946174 0.01953159 0.01925252 0.02075222 0.        ]	[0. 0. 0. 0. 0. 0. 0. 0. 0. 0. 0.]
[ 0.         -0.01075261 -0.00826023 -0.00865835 -0.00855236 -0.00855236
 -0.00855236 -0.00865712 -0.00826343 -0.01073653  0.        ]	[ 0.         -0.01038819 -0.00986185 -0.0099872  -0.00997179 -0.00997179
 -0.00997179 -0.0099831  -0.00987234 -0.01029074  0.        ]	[0. 0. 0. 0. 0. 0. 0. 0. 0. 0. 0.]
[0.         0.00288856 0.0023064  0.00242128 0.00240739 0.00240739
 0.00240739 0.00240739 0.00240739 0.00240739 0.00240739]	[0.         0.00256409 0.00244876 0.00246436 0.00246026 0.00246026
 0.00246026 0.00246026 0.00245969 0.0024663  0.        ]	[0. 0. 0. 0. 0. 0. 0. 0. 0. 0. 0.]
[ 0.         -0.00043378 -0.00034234 -0.00035347 -0.00035114 -0.00035114
 -0.00035114 -0.00035162 -0.00034611 -0.00041282  0.        ]	[ 0.         -0.000363   -0.00035257 -0.00035433 -0.00035433 -0.00035433
 -0.00035433 -0.00035433 -0.00035376 -0.00036079  0.        ]	[0. 0. 0. 0. 0. 0. 0. 0. 0. 0. 0.]
[0.00000000e+00 4.09479697e-05 3.40346261e-05 3.48500325e-05
 3.48500325e-05 3.48500325e-05 3.48500325e-05 3.48500325e-05
 3.43820761e-05 4.05124436e-05 0.00000000e+00]	[0.00000000e+00 2.78923415e-05 2.73541485e-05 2.73541485e-05
 2.73541485e-05 2.73541485e-05 2.73541485e-05 2.73541485e-05
 2.73541485e-05 2.77740247e-05 0.00000000e+00]	[0. 0. 0. 0. 0. 0. 0. 0. 0. 0. 0.]
[ 0.00000000e+00 -2.03975210e-06 -1.78774923e-06 -1.78774923e-06
 -1.78774923e-06 -1.78774923e-06 -1.78774923e-06 -1.78774923e-06
 -1.78774923e-06 -2.01510277e-06  0.00000000e+00]	[ 0.0000000e+00 -9.4103995e-07 -9.4103995e-07 -9.4103995e-07
 -9.4103995e-07 -9.4103995e-07 -9.4103995e-07 -9.4103995e-07
 -9.4103995e-07 -9.4103995e-07  0.0000000e+00]	[0. 0. 0. 0. 0. 0. 0. 0. 0. 0. 0.]
[0.00000000e+00 3.49698317e-08 3.49698317e-08 3.49698317e-08
 3.49698317e-08 3.49698317e-08 3.49698317e-08 3.49698317e-08
 3.49698317e-08 3.49698317e-08 0.00000000e+00]	[0. 0. 0. 0. 0. 0. 0. 0. 0. 0. 0.]	[0. 0. 0. 0. 0. 0. 0. 0. 0. 0. 0.]
[0. 0. 0. 0. 0. 0. 0. 0. 0. 0. 0.]	[0. 0. 0. 0. 0. 0. 0. 0. 0. 0. 0.]	[0. 0. 0. 0. 0. 0. 0. 0. 0. 0. 0.]
[0. 0. 0. 0. 0. 0. 0. 0. 0. 0. 0.]	[0. 0. 0. 0. 0. 0. 0. 0. 0. 0. 0.]	[0. 0. 0. 0. 0. 0. 0. 0. 0. 0. 0.]
[ 0.         -0.01241284 -0.00830911 -0.00906499 -0.00889838 -0.00889838
 -0.00889838 -0.0090649  -0.00830931 -0.01241213  0.        ]	[ 0.         -0.01439456 -0.01303746 -0.01331172 -0.013262   -0.013262
 -0.013262   -0.01331147 -0.01303814 -0.01439127  0.        ]	[0. 0. 0. 0. 0. 0. 0. 0. 0. 0. 0.]
[0.         0.00658712 0.00452553 0.00500393 0.00493105 0.00493105
 0.0049314  0.00500306 0.00453191 0.00656949 0.        ]	[0.         0.007159   0.00654409 0.00664669 0.00662272 0.00662272
 0.00662272 0.00664367 0.00656493 0.00705955 0.        ]	[0. 0. 0. 0. 0. 0. 0. 0. 0. 0. 0.]
[ 0.         -0.00164604 -0.00103781 -0.0011542  -0.00113054 -0.00113054
 -0.00113054 -0.00113054 -0.00113054 -0.00113054 -0.00113054]	[ 0.         -0.00174094 -0.00160622 -0.00163142 -0.00162818 -0.00162818
 -0.00162818 -0.00162828 -0.00162718 -0.00164052  0.        ]	[0. 0. 0. 0. 0. 0. 0. 0. 0. 0. 0.]
[0.         0.00030698 0.00020828 0.00022873 0.0002263  0.00022668
 0.00022661 0.00022752 0.00021631 0.00028628 0.        ]	[0.         0.00026994 0.00025027 0.00025266 0.0002522  0.0002522
 0.0002522  0.00025229 0.0002511  0.00026567 0.        ]	[0. 0. 0. 0. 0. 0. 0. 0. 0. 0. 0.]
[ 0.00000000e+00 -3.71033221e-05 -2.63221950e-05 -2.79379985e-05
 -2.77053163e-05 -2.77053163e-05 -2.77053163e-05 -2.78029856e-05
 -2.65518639e-05 -3.61711242e-05  0.00000000e+00]	[ 0.00000000e+00 -2.71769135e-05 -2.57438442e-05 -2.59069254e-05
 -2.59069254e-05 -2.59069254e-05 -2.59069254e-05 -2.59069254e-05
 -2.58133342e-05 -2.70848784e-05  0.00000000e+00]	[0. 0. 0. 0. 0. 0. 0. 0. 0. 0. 0.]
[0.00000000e+00 2.84227099e-06 2.21425633e-06 2.29023207e-06
 2.29023207e-06 2.29023207e-06 2.29023207e-06 2.29023207e-06
 2.23284163e-06 2.82412407e-06 0.00000000e+00]	[0.00000000e+00 1.52881373e-06 1.47841316e-06 1.47841316e-06
 1.47841316e-06 1.47841316e-06 1.47841316e-06 1.47841316e-06
 1.47841316e-06 1.52388387e-06 0.00000000e+00]	[0. 0. 0. 0. 0. 0. 0. 0. 0. 0. 0.]
[ 0.00000000e+00 -1.19431405e-07 -1.03102980e-07 -1.03102980e-07
 -1.03102980e-07 -1.03102980e-07 -1.03102980e-07 -1.03102980e-07
 -1.03102980e-07 -1.18404350e-07  0.00000000e+00]	[ 0.00000000e+00 -3.92099979e-08 -3.92099979e-08 -3.92099979e-08
 -3.92099979e-08 -3.92099979e-08 -3.92099979e-08 -3.92099979e-08
 -3.92099979e-08 -3.92099979e-08  0.00000000e+00]	[0. 0. 0. 0. 0. 0. 0. 0. 0. 0. 0.]
[0.00000000e+00 1.45707632e-09 1.45707632e-09 1.45707632e-09
 1.45707632e-09 1.45707632e-09 1.45707632e-09 1.45707632e-09
 1.45707632e-09 1.45707632e-09 0.00000000e+00]	[0. 0. 0. 0. 0. 0. 0. 0. 0. 0. 0.]	[0. 0. 0. 0. 0. 0. 0. 0. 0. 0. 0.]
[0. 0. 0. 0. 0. 0. 0. 0. 0. 0. 0.]	[0. 0. 0. 0. 0. 0. 0. 0. 0. 0. 0.]	[0. 0. 0. 0. 0. 0. 0. 0. 0. 0. 0.]
[0.         0.0052357  0.00295501 0.00368667 0.00355765 0.00355765
 0.00355768 0.0036866  0.00295541 0.00523493 0.        ]	[0.         0.00712761 0.00589455 0.0061414  0.0060935  0.0060935
 0.00609357 0.00614121 0.00589586 0.00712394 0.        ]	[0. 0. 0. 0. 0. 0. 0. 0. 0. 0. 0.]
[ 0.         -0.00253369 -0.00115977 -0.00155186 -0.0014642  -0.0014642
 -0.00146444 -0.00155003 -0.00116631 -0.00251511  0.        ]	[ 0.         -0.00339588 -0.00286192 -0.00298088 -0.00296157 -0.00296157
 -0.00296164 -0.00297597 -0.00288174 -0.00328926  0.        ]	[0. 0. 0. 0. 0. 0. 0. 0. 0. 0. 0.]
[0.         0.00072578 0.00034203 0.00046813 0.0004456  0.0004456
 0.0004456  0.0004456  0.0004456  0.0004456  0.0004456 ]	[0.         0.00080308 0.00066169 0.00068906 0.00068384 0.00068392
 0.0006839  0.00068409 0.00068184 0.00069584 0.        ]	[0. 0. 0. 0. 0. 0. 0. 0. 0. 0. 0.]
[ 0.00000000e+00 -1.44939961e-04 -6.45765902e-05 -8.63485439e-05
 -8.18804458e-05 -8.22990544e-05 -8.20816045e-05 -8.39683063e-05
 -7.21004394e-05 -1.22084582e-04  0.00000000e+00]	[ 0.         -0.00014554 -0.00012365 -0.00012806 -0.00012753 -0.0001276
 -0.00012759 -0.00012779 -0.0001253  -0.00014122  0.        ]	[0. 0. 0. 0. 0. 0. 0. 0. 0. 0. 0.]
[0.00000000e+00 2.34170675e-05 1.28253694e-05 1.55161793e-05
 1.51455060e-05 1.52004165e-05 1.51808589e-05 1.54276114e-05
 1.33383533e-05 2.25157329e-05 0.00000000e+00]	[0.00000000e+00 1.88818194e-05 1.65999911e-05 1.69383469e-05
 1.68918105e-05 1.68918105e-05 1.68918105e-05 1.69113443e-05
 1.66496419e-05 1.86917505e-05 0.00000000e+00]	[0. 0. 0. 0. 0. 0. 0. 0. 0. 0. 0.]
[ 0.00000000e+00 -2.52848579e-06 -1.59221735e-06 -1.76421160e-06
 -1.74185389e-06 -1.74185389e-06 -1.74185389e-06 -1.75548852e-06
 -1.60481137e-06 -2.48650386e-06  0.00000000e+00]	[ 0.00000000e+00 -1.61557198e-06 -1.48670336e-06 -1.50189851e-06
 -1.50189851e-06 -1.50189851e-06 -1.50189851e-06 -1.50189851e-06
 -1.49042042e-06 -1.61173719e-06  0.00000000e+00]	[0. 0. 0. 0. 0. 0. 0. 0. 0. 0. 0.]
[0.00000000e+00 1.70523827e-07 1.24451315e-07 1.30338375e-07
 1.30338375e-07 1.30338375e-07 1.30338375e-07 1.30338375e-07
 1.25396878e-07 1.69767705e-07 0.00000000e+00]	[0.00000000e+00 7.82105513e-08 7.49448664e-08 7.49448664e-08
 7.49448664e-08 7.49448664e-08 7.49448664e-08 7.49448664e-08
 7.49448664e-08 7.80051402e-08 0.00000000e+00]	[0. 0. 0. 0. 0. 0. 0. 0. 0. 0. 0.]
[ 0.00000000e+00 -6.41138080e-09 -5.48818372e-09 -5.48818372e-09
 -5.48818372e-09 -5.48818372e-09 -5.48818372e-09 -5.48818372e-09
 -5.48818372e-09 -6.36858683e-09  0.00000000e+00]	[ 0.00000000e+00 -1.63374991e-09 -1.63374991e-09 -1.63374991e-09
 -1.63374991e-09 -1.63374991e-09 -1.63374991e-09 -1.63374991e-09
 -1.63374991e-09 -1.63374991e-09  0.00000000e+00]	[0. 0. 0. 0. 0. 0. 0. 0. 0. 0. 0.]
[0.00000000e+00 6.07115134e-11 6.07115134e-11 6.07115134e-11
 6.07115134e-11 6.07115134e-11 6.07115134e-11 6.07115134e-11
 6.07115134e-11 6.07115134e-11 0.00000000e+00]	[0. 0. 0. 0. 0. 0. 0. 0. 0. 0. 0.]	[0. 0. 0. 0. 0. 0. 0. 0. 0. 0. 0.]
