9352 -- optimal sol

9561  2.2% 
num_it=100
ANT_num=50
Q=1000000
rho=0.1 # preromone evoporation rate
alpha=1 # influence of pher
beta=5# influence of dist


[0, 5, 7, 15, 12, 13, 10, 16, 23, 25, 20, 17, 32, 27, 28, 21, 26, 36, 38, 46, 50, 57, 55, 52, 51, 47, 45, 40, 37, 42, 39, 33, 30, 31, 29, 34, 41, 43, 48, 54, 49, 53, 60, 66, 65, 67, 72, 18, 14, 11, 9, 8, 4, 2, 1, 3, 6, 24, 22, 70, 81, 61, 58, 35, 62, 19, 64, 84, 85, 97, 93, 89, 88, 98, 100, 103, 110, 113, 112, 108, 118, 121, 117, 105, 104, 106, 107, 96, 94, 95, 92, 90, 102, 101, 86, 79, 75, 74, 77, 71, 73, 68, 59, 56, 44, 63, 69, 76, 80, 78, 82, 87, 91, 83, 99, 109, 111, 114, 115, 116, 120, 119, 127, 122, 123, 132, 134, 128, 130, 135, 142, 147, 154, 150, 146, 151, 152, 149, 143, 140, 153, 156, 138, 137, 141, 145, 148, 144, 139, 136, 133, 131, 126, 124, 125, 129, 155, 160, 162, 163, 168, 175, 181, 193, 189, 186, 185, 182, 178, 171, 173, 172, 174, 176, 180, 183, 187, 190, 188, 191, 192, 184, 179, 177, 167, 164, 158, 157, 161, 166, 169, 170, 165, 159, 0] 
9476 Final 1,32%

# by iterations, found optimum,
My best solution:
98569
10921
12972
11424
10119
10028
9946
11140
10019
10424
10041
9864
9852
9820
  9613
10401
10247
10180
9840
9700
  9628
9830
12327
  9760
10064
9982
10229
10133
15623
10986
11247
10142
9929
9844
10048
9843
10033