[[[[1.00000000e+00 1.00000000e+00 1.00000000e+00 1.00000000e+00
    1.00000000e+00 1.00000000e+00]
   [1.00000000e+00 1.00000000e+00 1.00000000e+00 1.00000000e+00
    1.00000000e+00 1.00000000e+00]
   [1.00000000e+00 1.00000000e+00 1.00000000e+00 1.00000000e+00
    1.00000000e+00 1.00000000e+00]
   [1.00000000e+00 1.00000000e+00 1.00000000e+00 1.00000000e+00
    1.00000000e+00 1.00000000e+00]
   [1.00000000e+00 1.00000000e+00 1.00000000e+00 1.00000000e+00
    1.00000000e+00 1.00000000e+00]
   [1.00000000e+00 1.00000000e+00 1.00000000e+00 1.00000000e+00
    1.00000000e+00 1.00000000e+00]]

  [[0.00000000e+00 0.00000000e+00 0.00000000e+00 0.00000000e+00
    0.00000000e+00 0.00000000e+00]
   [0.00000000e+00 0.00000000e+00 0.00000000e+00 0.00000000e+00
    0.00000000e+00 0.00000000e+00]
   [0.00000000e+00 0.00000000e+00 0.00000000e+00 0.00000000e+00
    0.00000000e+00 0.00000000e+00]
   [0.00000000e+00 0.00000000e+00 0.00000000e+00 0.00000000e+00
    0.00000000e+00 0.00000000e+00]
   [0.00000000e+00 0.00000000e+00 0.00000000e+00 0.00000000e+00
    0.00000000e+00 0.00000000e+00]
   [0.00000000e+00 0.00000000e+00 0.00000000e+00 0.00000000e+00
    0.00000000e+00 0.00000000e+00]]

  [[0.00000000e+00 0.00000000e+00 0.00000000e+00 0.00000000e+00
    0.00000000e+00 0.00000000e+00]
   [0.00000000e+00 0.00000000e+00 0.00000000e+00 0.00000000e+00
    0.00000000e+00 0.00000000e+00]
   [0.00000000e+00 0.00000000e+00 0.00000000e+00 0.00000000e+00
    0.00000000e+00 0.00000000e+00]
   [0.00000000e+00 0.00000000e+00 0.00000000e+00 0.00000000e+00
    0.00000000e+00 0.00000000e+00]
   [0.00000000e+00 0.00000000e+00 0.00000000e+00 0.00000000e+00
    0.00000000e+00 0.00000000e+00]
   [0.00000000e+00 0.00000000e+00 0.00000000e+00 0.00000000e+00
    0.00000000e+00 0.00000000e+00]]

  ...

  [[0.00000000e+00 0.00000000e+00 0.00000000e+00 0.00000000e+00
    0.00000000e+00 0.00000000e+00]
   [0.00000000e+00 0.00000000e+00 0.00000000e+00 0.00000000e+00
    0.00000000e+00 0.00000000e+00]
   [0.00000000e+00 0.00000000e+00 0.00000000e+00 0.00000000e+00
    0.00000000e+00 0.00000000e+00]
   [0.00000000e+00 0.00000000e+00 0.00000000e+00 0.00000000e+00
    0.00000000e+00 0.00000000e+00]
   [0.00000000e+00 0.00000000e+00 0.00000000e+00 0.00000000e+00
    0.00000000e+00 0.00000000e+00]
   [0.00000000e+00 0.00000000e+00 0.00000000e+00 0.00000000e+00
    0.00000000e+00 0.00000000e+00]]

  [[0.00000000e+00 0.00000000e+00 0.00000000e+00 0.00000000e+00
    0.00000000e+00 0.00000000e+00]
   [0.00000000e+00 0.00000000e+00 0.00000000e+00 0.00000000e+00
    0.00000000e+00 0.00000000e+00]
   [0.00000000e+00 0.00000000e+00 0.00000000e+00 0.00000000e+00
    0.00000000e+00 0.00000000e+00]
   [0.00000000e+00 0.00000000e+00 0.00000000e+00 0.00000000e+00
    0.00000000e+00 0.00000000e+00]
   [0.00000000e+00 0.00000000e+00 0.00000000e+00 0.00000000e+00
    0.00000000e+00 0.00000000e+00]
   [0.00000000e+00 0.00000000e+00 0.00000000e+00 0.00000000e+00
    0.00000000e+00 0.00000000e+00]]

  [[0.00000000e+00 0.00000000e+00 0.00000000e+00 0.00000000e+00
    0.00000000e+00 0.00000000e+00]
   [0.00000000e+00 0.00000000e+00 0.00000000e+00 0.00000000e+00
    0.00000000e+00 0.00000000e+00]
   [0.00000000e+00 0.00000000e+00 0.00000000e+00 0.00000000e+00
    0.00000000e+00 0.00000000e+00]
   [0.00000000e+00 0.00000000e+00 0.00000000e+00 0.00000000e+00
    0.00000000e+00 0.00000000e+00]
   [0.00000000e+00 0.00000000e+00 0.00000000e+00 0.00000000e+00
    0.00000000e+00 0.00000000e+00]
   [0.00000000e+00 0.00000000e+00 0.00000000e+00 0.00000000e+00
    0.00000000e+00 0.00000000e+00]]]


 [[[1.00000000e+00 1.00000000e+00 1.00000000e+00 1.00000000e+00
    1.00000000e+00 1.00000000e+00]
   [1.00000000e+00 1.00000000e+00 1.00000000e+00 1.00000000e+00
    1.00000000e+00 1.00000000e+00]
   [1.00000000e+00 1.00000000e+00 1.00000000e+00 1.00000000e+00
    1.00000000e+00 1.00000000e+00]
   [1.00000000e+00 1.00000000e+00 1.00000000e+00 1.00000000e+00
    1.00000000e+00 1.00000000e+00]
   [1.00000000e+00 1.00000000e+00 1.00000000e+00 1.00000000e+00
    1.00000000e+00 1.00000000e+00]
   [1.00000000e+00 1.00000000e+00 1.00000000e+00 1.00000000e+00
    1.00000000e+00 1.00000000e+00]]

  [[0.00000000e+00 0.00000000e+00 0.00000000e+00 0.00000000e+00
    0.00000000e+00 0.00000000e+00]
   [0.00000000e+00 1.66666667e-01 1.66666667e-01 1.66666667e-01
    1.66666667e-01 0.00000000e+00]
   [0.00000000e+00 1.66666667e-01 1.66666667e-01 1.66666667e-01
    1.66666667e-01 0.00000000e+00]
   [0.00000000e+00 1.66666667e-01 1.66666667e-01 1.66666667e-01
    1.66666667e-01 0.00000000e+00]
   [0.00000000e+00 1.66666667e-01 1.66666667e-01 1.66666667e-01
    1.66666667e-01 0.00000000e+00]
   [0.00000000e+00 0.00000000e+00 0.00000000e+00 0.00000000e+00
    0.00000000e+00 0.00000000e+00]]

  [[0.00000000e+00 0.00000000e+00 0.00000000e+00 0.00000000e+00
    0.00000000e+00 0.00000000e+00]
   [0.00000000e+00 0.00000000e+00 0.00000000e+00 0.00000000e+00
    0.00000000e+00 0.00000000e+00]
   [0.00000000e+00 0.00000000e+00 0.00000000e+00 0.00000000e+00
    0.00000000e+00 0.00000000e+00]
   [0.00000000e+00 0.00000000e+00 0.00000000e+00 0.00000000e+00
    0.00000000e+00 0.00000000e+00]
   [0.00000000e+00 0.00000000e+00 0.00000000e+00 0.00000000e+00
    0.00000000e+00 0.00000000e+00]
   [0.00000000e+00 0.00000000e+00 0.00000000e+00 0.00000000e+00
    0.00000000e+00 0.00000000e+00]]

  ...

  [[0.00000000e+00 0.00000000e+00 0.00000000e+00 0.00000000e+00
    0.00000000e+00 0.00000000e+00]
   [0.00000000e+00 0.00000000e+00 0.00000000e+00 0.00000000e+00
    0.00000000e+00 0.00000000e+00]
   [0.00000000e+00 0.00000000e+00 0.00000000e+00 0.00000000e+00
    0.00000000e+00 0.00000000e+00]
   [0.00000000e+00 0.00000000e+00 0.00000000e+00 0.00000000e+00
    0.00000000e+00 0.00000000e+00]
   [0.00000000e+00 0.00000000e+00 0.00000000e+00 0.00000000e+00
    0.00000000e+00 0.00000000e+00]
   [0.00000000e+00 0.00000000e+00 0.00000000e+00 0.00000000e+00
    0.00000000e+00 0.00000000e+00]]

  [[0.00000000e+00 0.00000000e+00 0.00000000e+00 0.00000000e+00
    0.00000000e+00 0.00000000e+00]
   [0.00000000e+00 0.00000000e+00 0.00000000e+00 0.00000000e+00
    0.00000000e+00 0.00000000e+00]
   [0.00000000e+00 0.00000000e+00 0.00000000e+00 0.00000000e+00
    0.00000000e+00 0.00000000e+00]
   [0.00000000e+00 0.00000000e+00 0.00000000e+00 0.00000000e+00
    0.00000000e+00 0.00000000e+00]
   [0.00000000e+00 0.00000000e+00 0.00000000e+00 0.00000000e+00
    0.00000000e+00 0.00000000e+00]
   [0.00000000e+00 0.00000000e+00 0.00000000e+00 0.00000000e+00
    0.00000000e+00 0.00000000e+00]]

  [[0.00000000e+00 0.00000000e+00 0.00000000e+00 0.00000000e+00
    0.00000000e+00 0.00000000e+00]
   [0.00000000e+00 0.00000000e+00 0.00000000e+00 0.00000000e+00
    0.00000000e+00 0.00000000e+00]
   [0.00000000e+00 0.00000000e+00 0.00000000e+00 0.00000000e+00
    0.00000000e+00 0.00000000e+00]
   [0.00000000e+00 0.00000000e+00 0.00000000e+00 0.00000000e+00
    0.00000000e+00 0.00000000e+00]
   [0.00000000e+00 0.00000000e+00 0.00000000e+00 0.00000000e+00
    0.00000000e+00 0.00000000e+00]
   [0.00000000e+00 0.00000000e+00 0.00000000e+00 0.00000000e+00
    0.00000000e+00 0.00000000e+00]]]


 [[[1.00000000e+00 1.00000000e+00 1.00000000e+00 1.00000000e+00
    1.00000000e+00 1.00000000e+00]
   [1.00000000e+00 1.00000000e+00 1.00000000e+00 1.00000000e+00
    1.00000000e+00 1.00000000e+00]
   [1.00000000e+00 1.00000000e+00 1.00000000e+00 1.00000000e+00
    1.00000000e+00 1.00000000e+00]
   [1.00000000e+00 1.00000000e+00 1.00000000e+00 1.00000000e+00
    1.00000000e+00 1.00000000e+00]
   [1.00000000e+00 1.00000000e+00 1.00000000e+00 1.00000000e+00
    1.00000000e+00 1.00000000e+00]
   [1.00000000e+00 1.00000000e+00 1.00000000e+00 1.00000000e+00
    1.00000000e+00 1.00000000e+00]]

  [[0.00000000e+00 0.00000000e+00 0.00000000e+00 0.00000000e+00
    0.00000000e+00 0.00000000e+00]
   [0.00000000e+00 2.22222222e-01 2.50000000e-01 2.50000000e-01
    2.22222222e-01 0.00000000e+00]
   [0.00000000e+00 2.50000000e-01 2.77777778e-01 2.77777778e-01
    2.50000000e-01 0.00000000e+00]
   [0.00000000e+00 2.50000000e-01 2.77777778e-01 2.77777778e-01
    2.50000000e-01 0.00000000e+00]
   [0.00000000e+00 2.22222222e-01 2.50000000e-01 2.50000000e-01
    2.22222222e-01 0.00000000e+00]
   [0.00000000e+00 0.00000000e+00 0.00000000e+00 0.00000000e+00
    0.00000000e+00 0.00000000e+00]]

  [[0.00000000e+00 0.00000000e+00 0.00000000e+00 0.00000000e+00
    0.00000000e+00 0.00000000e+00]
   [0.00000000e+00 2.77777778e-02 2.77777778e-02 2.77777778e-02
    2.77777778e-02 0.00000000e+00]
   [0.00000000e+00 2.77777778e-02 2.77777778e-02 2.77777778e-02
    2.77777778e-02 0.00000000e+00]
   [0.00000000e+00 2.77777778e-02 2.77777778e-02 2.77777778e-02
    2.77777778e-02 0.00000000e+00]
   [0.00000000e+00 2.77777778e-02 2.77777778e-02 2.77777778e-02
    2.77777778e-02 0.00000000e+00]
   [0.00000000e+00 0.00000000e+00 0.00000000e+00 0.00000000e+00
    0.00000000e+00 0.00000000e+00]]

  ...

  [[0.00000000e+00 0.00000000e+00 0.00000000e+00 0.00000000e+00
    0.00000000e+00 0.00000000e+00]
   [0.00000000e+00 0.00000000e+00 0.00000000e+00 0.00000000e+00
    0.00000000e+00 0.00000000e+00]
   [0.00000000e+00 0.00000000e+00 0.00000000e+00 0.00000000e+00
    0.00000000e+00 0.00000000e+00]
   [0.00000000e+00 0.00000000e+00 0.00000000e+00 0.00000000e+00
    0.00000000e+00 0.00000000e+00]
   [0.00000000e+00 0.00000000e+00 0.00000000e+00 0.00000000e+00
    0.00000000e+00 0.00000000e+00]
   [0.00000000e+00 0.00000000e+00 0.00000000e+00 0.00000000e+00
    0.00000000e+00 0.00000000e+00]]

  [[0.00000000e+00 0.00000000e+00 0.00000000e+00 0.00000000e+00
    0.00000000e+00 0.00000000e+00]
   [0.00000000e+00 0.00000000e+00 0.00000000e+00 0.00000000e+00
    0.00000000e+00 0.00000000e+00]
   [0.00000000e+00 0.00000000e+00 0.00000000e+00 0.00000000e+00
    0.00000000e+00 0.00000000e+00]
   [0.00000000e+00 0.00000000e+00 0.00000000e+00 0.00000000e+00
    0.00000000e+00 0.00000000e+00]
   [0.00000000e+00 0.00000000e+00 0.00000000e+00 0.00000000e+00
    0.00000000e+00 0.00000000e+00]
   [0.00000000e+00 0.00000000e+00 0.00000000e+00 0.00000000e+00
    0.00000000e+00 0.00000000e+00]]

  [[0.00000000e+00 0.00000000e+00 0.00000000e+00 0.00000000e+00
    0.00000000e+00 0.00000000e+00]
   [0.00000000e+00 0.00000000e+00 0.00000000e+00 0.00000000e+00
    0.00000000e+00 0.00000000e+00]
   [0.00000000e+00 0.00000000e+00 0.00000000e+00 0.00000000e+00
    0.00000000e+00 0.00000000e+00]
   [0.00000000e+00 0.00000000e+00 0.00000000e+00 0.00000000e+00
    0.00000000e+00 0.00000000e+00]
   [0.00000000e+00 0.00000000e+00 0.00000000e+00 0.00000000e+00
    0.00000000e+00 0.00000000e+00]
   [0.00000000e+00 0.00000000e+00 0.00000000e+00 0.00000000e+00
    0.00000000e+00 0.00000000e+00]]]


 ...


 [[[1.00000000e+00 1.00000000e+00 1.00000000e+00 1.00000000e+00
    1.00000000e+00 1.00000000e+00]
   [1.00000000e+00 1.00000000e+00 1.00000000e+00 1.00000000e+00
    1.00000000e+00 1.00000000e+00]
   [1.00000000e+00 1.00000000e+00 1.00000000e+00 1.00000000e+00
    1.00000000e+00 1.00000000e+00]
   [1.00000000e+00 1.00000000e+00 1.00000000e+00 1.00000000e+00
    1.00000000e+00 1.00000000e+00]
   [1.00000000e+00 1.00000000e+00 1.00000000e+00 1.00000000e+00
    1.00000000e+00 1.00000000e+00]
   [1.00000000e+00 1.00000000e+00 1.00000000e+00 1.00000000e+00
    1.00000000e+00 1.00000000e+00]]

  [[0.00000000e+00 0.00000000e+00 0.00000000e+00 0.00000000e+00
    0.00000000e+00 0.00000000e+00]
   [0.00000000e+00 3.03962334e-01 3.74439753e-01 3.74439753e-01
    3.03962334e-01 0.00000000e+00]
   [0.00000000e+00 3.74439753e-01 4.69746656e-01 4.69746656e-01
    3.74439753e-01 0.00000000e+00]
   [0.00000000e+00 3.74439753e-01 4.69746656e-01 4.69746656e-01
    3.74439753e-01 0.00000000e+00]
   [0.00000000e+00 3.03962334e-01 3.74439753e-01 3.74439753e-01
    3.03962334e-01 0.00000000e+00]
   [0.00000000e+00 0.00000000e+00 0.00000000e+00 0.00000000e+00
    0.00000000e+00 0.00000000e+00]]

  [[0.00000000e+00 0.00000000e+00 0.00000000e+00 0.00000000e+00
    0.00000000e+00 0.00000000e+00]
   [0.00000000e+00 9.40226814e-02 1.29286694e-01 1.29286694e-01
    9.40226814e-02 0.00000000e+00]
   [0.00000000e+00 1.29286694e-01 1.79839916e-01 1.79839916e-01
    1.29286694e-01 0.00000000e+00]
   [0.00000000e+00 1.29286694e-01 1.79839916e-01 1.79839916e-01
    1.29286694e-01 0.00000000e+00]
   [0.00000000e+00 9.40226814e-02 1.29286694e-01 1.29286694e-01
    9.40226814e-02 0.00000000e+00]
   [0.00000000e+00 0.00000000e+00 0.00000000e+00 0.00000000e+00
    0.00000000e+00 0.00000000e+00]]

  ...

  [[0.00000000e+00 0.00000000e+00 0.00000000e+00 0.00000000e+00
    0.00000000e+00 0.00000000e+00]
   [0.00000000e+00 5.95374181e-07 5.95374181e-07 5.95374181e-07
    5.95374181e-07 0.00000000e+00]
   [0.00000000e+00 5.95374181e-07 5.95374181e-07 5.95374181e-07
    5.95374181e-07 0.00000000e+00]
   [0.00000000e+00 5.95374181e-07 5.95374181e-07 5.95374181e-07
    5.95374181e-07 0.00000000e+00]
   [0.00000000e+00 5.95374181e-07 5.95374181e-07 5.95374181e-07
    5.95374181e-07 0.00000000e+00]
   [0.00000000e+00 0.00000000e+00 0.00000000e+00 0.00000000e+00
    0.00000000e+00 0.00000000e+00]]

  [[0.00000000e+00 0.00000000e+00 0.00000000e+00 0.00000000e+00
    0.00000000e+00 0.00000000e+00]
   [0.00000000e+00 0.00000000e+00 0.00000000e+00 0.00000000e+00
    0.00000000e+00 0.00000000e+00]
   [0.00000000e+00 0.00000000e+00 0.00000000e+00 0.00000000e+00
    0.00000000e+00 0.00000000e+00]
   [0.00000000e+00 0.00000000e+00 0.00000000e+00 0.00000000e+00
    0.00000000e+00 0.00000000e+00]
   [0.00000000e+00 0.00000000e+00 0.00000000e+00 0.00000000e+00
    0.00000000e+00 0.00000000e+00]
   [0.00000000e+00 0.00000000e+00 0.00000000e+00 0.00000000e+00
    0.00000000e+00 0.00000000e+00]]

  [[0.00000000e+00 0.00000000e+00 0.00000000e+00 0.00000000e+00
    0.00000000e+00 0.00000000e+00]
   [0.00000000e+00 0.00000000e+00 0.00000000e+00 0.00000000e+00
    0.00000000e+00 0.00000000e+00]
   [0.00000000e+00 0.00000000e+00 0.00000000e+00 0.00000000e+00
    0.00000000e+00 0.00000000e+00]
   [0.00000000e+00 0.00000000e+00 0.00000000e+00 0.00000000e+00
    0.00000000e+00 0.00000000e+00]
   [0.00000000e+00 0.00000000e+00 0.00000000e+00 0.00000000e+00
    0.00000000e+00 0.00000000e+00]
   [0.00000000e+00 0.00000000e+00 0.00000000e+00 0.00000000e+00
    0.00000000e+00 0.00000000e+00]]]


 [[[1.00000000e+00 1.00000000e+00 1.00000000e+00 1.00000000e+00
    1.00000000e+00 1.00000000e+00]
   [1.00000000e+00 1.00000000e+00 1.00000000e+00 1.00000000e+00
    1.00000000e+00 1.00000000e+00]
   [1.00000000e+00 1.00000000e+00 1.00000000e+00 1.00000000e+00
    1.00000000e+00 1.00000000e+00]
   [1.00000000e+00 1.00000000e+00 1.00000000e+00 1.00000000e+00
    1.00000000e+00 1.00000000e+00]
   [1.00000000e+00 1.00000000e+00 1.00000000e+00 1.00000000e+00
    1.00000000e+00 1.00000000e+00]
   [1.00000000e+00 1.00000000e+00 1.00000000e+00 1.00000000e+00
    1.00000000e+00 1.00000000e+00]]

  [[0.00000000e+00 0.00000000e+00 0.00000000e+00 0.00000000e+00
    0.00000000e+00 0.00000000e+00]
   [0.00000000e+00 3.07150365e-01 3.79572573e-01 3.79572573e-01
    3.07150365e-01 0.00000000e+00]
   [0.00000000e+00 3.79572573e-01 4.78035456e-01 4.78035456e-01
    3.79572573e-01 0.00000000e+00]
   [0.00000000e+00 3.79572573e-01 4.78035456e-01 4.78035456e-01
    3.79572573e-01 0.00000000e+00]
   [0.00000000e+00 3.07150365e-01 3.79572573e-01 3.79572573e-01
    3.07150365e-01 0.00000000e+00]
   [0.00000000e+00 0.00000000e+00 0.00000000e+00 0.00000000e+00
    0.00000000e+00 0.00000000e+00]]

  [[0.00000000e+00 0.00000000e+00 0.00000000e+00 0.00000000e+00
    0.00000000e+00 0.00000000e+00]
   [0.00000000e+00 9.81569597e-02 1.35970762e-01 1.35970762e-01
    9.81569597e-02 0.00000000e+00]
   [0.00000000e+00 1.35970762e-01 1.90607456e-01 1.90607456e-01
    1.35970762e-01 0.00000000e+00]
   [0.00000000e+00 1.35970762e-01 1.90607456e-01 1.90607456e-01
    1.35970762e-01 0.00000000e+00]
   [0.00000000e+00 9.81569597e-02 1.35970762e-01 1.35970762e-01
    9.81569597e-02 0.00000000e+00]
   [0.00000000e+00 0.00000000e+00 0.00000000e+00 0.00000000e+00
    0.00000000e+00 0.00000000e+00]]

  ...

  [[0.00000000e+00 0.00000000e+00 0.00000000e+00 0.00000000e+00
    0.00000000e+00 0.00000000e+00]
   [0.00000000e+00 2.18303866e-06 2.97687090e-06 2.97687090e-06
    2.18303866e-06 0.00000000e+00]
   [0.00000000e+00 2.97687090e-06 3.77070314e-06 3.77070314e-06
    2.97687090e-06 0.00000000e+00]
   [0.00000000e+00 2.97687090e-06 3.77070314e-06 3.77070314e-06
    2.97687090e-06 0.00000000e+00]
   [0.00000000e+00 2.18303866e-06 2.97687090e-06 2.97687090e-06
    2.18303866e-06 0.00000000e+00]
   [0.00000000e+00 0.00000000e+00 0.00000000e+00 0.00000000e+00
    0.00000000e+00 0.00000000e+00]]

  [[0.00000000e+00 0.00000000e+00 0.00000000e+00 0.00000000e+00
    0.00000000e+00 0.00000000e+00]
   [0.00000000e+00 9.92290301e-08 9.92290301e-08 9.92290301e-08
    9.92290301e-08 0.00000000e+00]
   [0.00000000e+00 9.92290301e-08 9.92290301e-08 9.92290301e-08
    9.92290301e-08 0.00000000e+00]
   [0.00000000e+00 9.92290301e-08 9.92290301e-08 9.92290301e-08
    9.92290301e-08 0.00000000e+00]
   [0.00000000e+00 9.92290301e-08 9.92290301e-08 9.92290301e-08
    9.92290301e-08 0.00000000e+00]
   [0.00000000e+00 0.00000000e+00 0.00000000e+00 0.00000000e+00
    0.00000000e+00 0.00000000e+00]]

  [[0.00000000e+00 0.00000000e+00 0.00000000e+00 0.00000000e+00
    0.00000000e+00 0.00000000e+00]
   [0.00000000e+00 0.00000000e+00 0.00000000e+00 0.00000000e+00
    0.00000000e+00 0.00000000e+00]
   [0.00000000e+00 0.00000000e+00 0.00000000e+00 0.00000000e+00
    0.00000000e+00 0.00000000e+00]
   [0.00000000e+00 0.00000000e+00 0.00000000e+00 0.00000000e+00
    0.00000000e+00 0.00000000e+00]
   [0.00000000e+00 0.00000000e+00 0.00000000e+00 0.00000000e+00
    0.00000000e+00 0.00000000e+00]
   [0.00000000e+00 0.00000000e+00 0.00000000e+00 0.00000000e+00
    0.00000000e+00 0.00000000e+00]]]


 [[[0.00000000e+00 0.00000000e+00 0.00000000e+00 0.00000000e+00
    0.00000000e+00 0.00000000e+00]
   [0.00000000e+00 0.00000000e+00 0.00000000e+00 0.00000000e+00
    0.00000000e+00 0.00000000e+00]
   [0.00000000e+00 0.00000000e+00 0.00000000e+00 0.00000000e+00
    0.00000000e+00 0.00000000e+00]
   [0.00000000e+00 0.00000000e+00 0.00000000e+00 0.00000000e+00
    0.00000000e+00 0.00000000e+00]
   [0.00000000e+00 0.00000000e+00 0.00000000e+00 0.00000000e+00
    0.00000000e+00 0.00000000e+00]
   [0.00000000e+00 0.00000000e+00 0.00000000e+00 0.00000000e+00
    0.00000000e+00 0.00000000e+00]]

  [[0.00000000e+00 0.00000000e+00 0.00000000e+00 0.00000000e+00
    0.00000000e+00 0.00000000e+00]
   [0.00000000e+00 3.09550351e-01 3.83454859e-01 3.83454859e-01
    3.09550351e-01 0.00000000e+00]
   [0.00000000e+00 3.83454859e-01 4.84303919e-01 4.84303919e-01
    3.83454859e-01 0.00000000e+00]
   [0.00000000e+00 3.83454859e-01 4.84303919e-01 4.84303919e-01
    3.83454859e-01 0.00000000e+00]
   [0.00000000e+00 3.09550351e-01 3.83454859e-01 3.83454859e-01
    3.09550351e-01 0.00000000e+00]
   [0.00000000e+00 0.00000000e+00 0.00000000e+00 0.00000000e+00
    0.00000000e+00 0.00000000e+00]]

  [[0.00000000e+00 0.00000000e+00 0.00000000e+00 0.00000000e+00
    0.00000000e+00 0.00000000e+00]
   [0.00000000e+00 1.01421992e-01 1.41235407e-01 1.41235407e-01
    1.01421992e-01 0.00000000e+00]
   [0.00000000e+00 1.41235407e-01 1.99114758e-01 1.99114758e-01
    1.41235407e-01 0.00000000e+00]
   [0.00000000e+00 1.41235407e-01 1.99114758e-01 1.99114758e-01
    1.41235407e-01 0.00000000e+00]
   [0.00000000e+00 1.01421992e-01 1.41235407e-01 1.41235407e-01
    1.01421992e-01 0.00000000e+00]
   [0.00000000e+00 0.00000000e+00 0.00000000e+00 0.00000000e+00
    0.00000000e+00 0.00000000e+00]]

  ...

  [[0.00000000e+00 0.00000000e+00 0.00000000e+00 0.00000000e+00
    0.00000000e+00 0.00000000e+00]
   [0.00000000e+00 5.88758912e-06 8.46754390e-06 8.46754390e-06
    5.88758912e-06 0.00000000e+00]
   [0.00000000e+00 8.46754390e-06 1.22382470e-05 1.22382470e-05
    8.46754390e-06 0.00000000e+00]
   [0.00000000e+00 8.46754390e-06 1.22382470e-05 1.22382470e-05
    8.46754390e-06 0.00000000e+00]
   [0.00000000e+00 5.88758912e-06 8.46754390e-06 8.46754390e-06
    5.88758912e-06 0.00000000e+00]
   [0.00000000e+00 0.00000000e+00 0.00000000e+00 0.00000000e+00
    0.00000000e+00 0.00000000e+00]]

  [[0.00000000e+00 0.00000000e+00 0.00000000e+00 0.00000000e+00
    0.00000000e+00 0.00000000e+00]
   [0.00000000e+00 3.96916121e-07 5.45759666e-07 5.45759666e-07
    3.96916121e-07 0.00000000e+00]
   [0.00000000e+00 5.45759666e-07 6.94603211e-07 6.94603211e-07
    5.45759666e-07 0.00000000e+00]
   [0.00000000e+00 5.45759666e-07 6.94603211e-07 6.94603211e-07
    5.45759666e-07 0.00000000e+00]
   [0.00000000e+00 3.96916121e-07 5.45759666e-07 5.45759666e-07
    3.96916121e-07 0.00000000e+00]
   [0.00000000e+00 0.00000000e+00 0.00000000e+00 0.00000000e+00
    0.00000000e+00 0.00000000e+00]]

  [[0.00000000e+00 0.00000000e+00 0.00000000e+00 0.00000000e+00
    0.00000000e+00 0.00000000e+00]
   [0.00000000e+00 0.00000000e+00 0.00000000e+00 0.00000000e+00
    0.00000000e+00 0.00000000e+00]
   [0.00000000e+00 0.00000000e+00 0.00000000e+00 0.00000000e+00
    0.00000000e+00 0.00000000e+00]
   [0.00000000e+00 0.00000000e+00 0.00000000e+00 0.00000000e+00
    0.00000000e+00 0.00000000e+00]
   [0.00000000e+00 0.00000000e+00 0.00000000e+00 0.00000000e+00
    0.00000000e+00 0.00000000e+00]
   [0.00000000e+00 0.00000000e+00 0.00000000e+00 0.00000000e+00
    0.00000000e+00 0.00000000e+00]]]]